8414
16159
39555
44575
55815
58300
76652
83763
131506
147367
148111
148736
158436
204003
210214
251558
272678
273081
325215
347291
347882
363591
388473
425433
454133
479082
494871
497019
534212
572826
587474
594351
634871
637878
639613
674895
676691
756600
799611
807280
828227
839349
851650
853426
863108
875123
886628
927813
930698
985279
1007302
1025370
1030285
1035416
1050958
1084313
1118692
1135806
1149591
1228878
1310924
1339924
1364525
1376022
1381109
1382514
1401519
1408916
1432775
1445950
1478122
1478795
1533073
1541948
1547663
1569214
1610106
1612568
1653065
1660130
1709019
1716506
1723597
1776185
1778865
1792855
1807994
1814851
1843114
1850816
1860379
1882975
1907406
1925654
1942585
1949062
1954126
1957574
1960998
1991394
