1681
3017
3397
4284
7181
7594
7915
7982
9379
9878
11337
11590
15622
19757
22852
24247
28229
34201
34383
34872
37060
37756
37798
39548
42437
45570
47794
49584
52203
52587
55318
56461
61755
61765
61767
62067
71723
74889
75179
75429
75807
76017
78104
79705
82723
84673
85953
90063
90917
92011
92170
92274
95240
100098
101377
104149
104624
106224
106376
106874
110358
110935
111810
115273
124404
124426
126967
127322
128568
134356
134853
136433
139457
140725
142440
142456
145234
146577
150121
151090
152878
153503
154386
156931
160206
162056
162884
163027
167030
167881
168187
174345
174832
175803
176462
177200
189898
192050
192915
193845
197180
197370
198166
205149
206432
207710
209277
211210
212145
214954
218039
223644
225089
228649
229076
230365
231586
231794
231979
232642
233340
233903
236013
241898
242136
245943
247087
253974
259892
260679
262551
267820
272262
272273
278629
279586
280971
281802
282779
283250
283394
285251
289589
291086
294773
295702
295773
297094
299380
302506
302579
302645
305037
306718
307268
309613
309800
311185
312567
319732
322335
323244
324943
335629
336029
337716
339658
340138
340966
343615
351400
355656
357202
359748
360389
364597
365505
365570
368531
372269
375691
375984
377808
386160
390097
391382
391398
392746
393957
401651
402725
403482
405293
406227
410255
413125
413758
416695
417457
418154
421698
423851
425269
426513
427762
427857
434645
435412
438233
439437
441811
442669
447045
449236
449793
452630
453240
453467
457186
459513
464273
464359
468524
468794
476291
477923
478576
480352
485197
486699
491097
492761
494681
495284
497097
498745
500219
500411
500649
501508
502346
502601
507670
509828
510485
510795
514949
517977
518330
519361
526624
527970
533812
533961
534377
539021
539160
539844
540459
541027
541298
543788
547946
548780
555102
555235
557123
558007
558422
560029
561998
563178
563778
565614
571738
571784
583050
585614
585785
588381
591237
593141
593411
596187
596545
596889
597017
599782
600016
605903
607718
613127
617028
618468
618952
619670
621794
623759
626058
626286
626508
630076
631167
632456
633710
635472
639124
640523
641541
642448
643055
643625
645445
648426
651878
652950
653816
654651
659991
660754
662548
663803
666135
667554
670445
670885
671640
671765
675880
683680
685825
688125
690185
690725
694481
695460
697125
700414
702175
702711
704570
705866
707883
710038
710371
714272
714493
716600
717029
719156
720084
722096
725123
726223
726317
726834
727257
728178
730058
730826
733451
736094
738188
738641
739028
740122
744065
752129
754873
759055
765127
765315
768353
771046
778582
782359
783357
783455
783776
787589
788888
789774
793631
793966
794025
794783
803344
807236
808222
812524
813204
813584
816246
816770
818712
820780
820848
824483
825540
825665
829386
830494
830586
833774
835319
836351
838085
847594
848645
851652
852861
852889
853943
856447
859073
862177
862664
862925
869150
870892
871630
871872
872681
875288
876226
876958
877038
882410
882441
883982
885480
887813
888785
888895
891671
895035
895478
896800
896963
899275
900055
900382
901138
903969
908589
908967
910694
915822
915972
917486
919367
919828
923965
927832
928004
937240
937274
940023
940380
943236
947059
951314
954500
954996
955023
956871
960976
962590
962987
963264
963450
964683
965073
966427
972306
972582
973365
973820
975457
975905
976725
978810
980351
982086
988276
988644
988731
988837
990239
990288
991094
993257
993762
999464
999588
1000241
1000741
1009053
1010152
1010909
1012275
1015979
1017430
1019177
1021595
1023842
1027240
1028295
1028673
1034017
1037081
1037318
1039137
1039496
1040272
1043361
1046321
1046810
1047215
1051427
1055353
1055788
1058367
1059963
1063089
1063430
1063890
1067226
1067710
1068951
1072443
1074065
1076354
1077002
1077018
1078086
1079932
1080189
1081490
1083536
1085376
1085591
1086115
1089242
1093460
1094691
1098362
1100706
1102856
1104743
1106181
1112777
1114535
1115096
1117832
1120727
1121042
1123707
1127146
1127640
1128255
1129255
1130623
1130853
1133270
1136049
1139725
1142435
1142714
1142865
1155662
1157311
1160080
1160295
1162202
1169502
1170728
1176166
1176186
1176324
1176357
1180578
1180661
1181555
1183034
1183180
1184963
1187137
1190459
1190479
1191656
1195631
1197073
1197189
1198638
1199612
1199959
1200613
1200916
1203408
1205911
1206461
1211329
1211922
1216122
1216708
1216926
1217816
1218547
1222084
1222958
1225079
1226375
1227581
1232280
1233291
1233574
1235750
1239330
1239670
1241096
1248023
1248188
1248538
1251309
1252137
1252656
1254288
1254370
1254654
1256129
1256843
1257458
1257977
1258102
1258252
1265178
1266820
1269995
1270305
1271283
1272319
1272917
1273336
1274198
1277941
1277942
1281054
1281672
1293649
1294715
1296221
1297577
1298508
1307953
1308701
1312249
1317305
1317452
1318260
1318316
1320583
1321427
1324928
1324950
1327706
1328716
1330007
1332685
1332937
1333603
1335346
1335848
1336475
1338132
1338943
1344369
1347533
1347617
1357873
1360041
1361277
1363114
1363675
1365171
1365545
1366137
1367457
1371880
1373585
1375676
1377490
1384291
1384749
1385061
1395732
1396452
1398252
1400725
1401041
1401585
1402054
1403863
1404543
1406703
1410355
1415573
1418046
1418579
1419743
1422723
1423449
1423762
1423901
1425435
1430835
1431829
1439739
1440932
1443278
1443688
1444531
1445168
1450158
1455210
1459477
1465183
1465424
1466985
1468531
1469161
1469175
1472952
1474710
1478268
1478428
1491623
1495422
1495770
1501547
1501644
1503388
1505280
1505945
1512833
1513885
1517563
1518227
1518536
1521166
1521241
1521913
1526006
1526663
1530042
1534964
1535647
1541615
1541952
1546751
1546905
1555384
1559034
1561555
1562017
1562870
1563750
1565343
1565371
1566366
1568516
1568648
1571139
1572580
1573434
1577188
1578956
1583437
1585064
1588792
1590621
1595522
1599032
1599890
1600660
1605785
1606076
1607378
1612225
1613734
1615101
1618377
1619157
1619771
1621678
1626031
1626489
1626574
1628023
1631908
1636627
1641496
1641671
1643745
1648963
1650784
1652819
1652878
1654531
1655651
1657760
1659720
1659755
1660010
1660482
1660817
1661783
1662232
1662680
1662807
1665065
1665776
1666362
1667466
1669990
1670174
1670548
1672526
1675129
1679981
1681580
1682281
1683252
1685174
1686583
1686797
1689008
1689926
1694084
1696532
1700019
1700974
1702001
1702893
1705365
1708457
1711275
1711543
1711867
1712151
1713895
1721438
1722149
1723549
1725995
1726400
1728842
1730404
1731103
1731807
1733040
1733641
1736617
1737548
1742935
1743235
1745306
1745728
1748176
1753277
1757442
1757619
1758344
1772941
1779651
1779728
1780430
1780662
1780912
1782353
1785541
1786202
1790395
1790851
1790859
1791223
1792783
1796483
1799147
1800047
1801940
1805284
1808285
1811874
1813357
1814153
1814252
1814592
1815242
1816924
1823576
1826054
1827171
1828548
1830633
1831300
1833019
1835624
1837864
1842704
1854057
1855659
1857379
1857436
1858099
1858485
1859091
1859585
1863075
1864954
1865748
1867543
1869081
1869768
1870060
1870247
1870801
1871715
1873110
1876488
1876950
1877081
1877159
1877604
1879307
1880268
1881549
1888441
1889541
1890102
1892408
1895988
1898049
1899215
1899890
1902498
1905366
1905844
1906072
1907435
1909736
1912604
1915157
1920977
1923970
1925267
1927673
1927975
1928086
1928368
1930637
1930671
1931403
1936379
1939929
1939991
1940358
1944915
1945471
1945944
1948561
1950099
1951587
1958010
1959892
1960195
1960857
1962257
1963824
1966117
1966798
1968654
1974554
1974675
1975028
1982883
1984360
1985748
1986184
1986323
1987495
1987537
1989708
1991326
1992585
1992618
1996794
1997110
1997740
1998936
