286
374
521
1012
1015
1208
2463
2656
2720
2752
2857
2918
2989
3198
3245
3563
3731
3781
3846
4228
4894
5101
5550
5577
5620
5856
5960
6260
6288
6590
6665
6730
7214
7366
7793
7816
7818
8016
8042
8078
8211
8227
8304
8490
8503
8523
8767
9195
9264
9323
9333
9366
9489
9738
10096
10102
10336
10488
10971
11156
11599
11743
11814
12061
12297
12785
13124
13163
13284
13313
13442
13602
13665
13748
13789
13934
14084
14259
14266
14316
14593
14786
14873
15190
15364
15494
15554
15564
15611
15758
15790
15891
15996
16254
16269
16383
16384
16762
16834
16954
16970
17549
17646
17747
17852
18164
18504
18625
18950
19373
20061
20282
20759
20844
20859
20878
20963
21097
21167
21246
21848
22100
22190
22919
22934
23004
23141
23247
23256
23669
23682
23806
24103
24137
24611
24945
25212
25426
25547
25691
25828
25909
26222
26505
26569
26796
26926
26949
26966
27260
27398
27829
27968
28134
28164
28253
28368
28527
28588
28870
29111
29331
29393
29824
30151
30419
30552
30648
30664
30728
30775
30804
30825
30937
31655
31804
31955
32016
32064
32117
32132
32201
32506
32544
32731
32808
33388
33419
33544
33645
33655
33661
33942
35049
35320
35547
35708
35851
35941
36180
36289
36802
36848
37087
37159
37365
37474
37589
37786
38057
38209
38242
38249
38286
38465
38728
38960
39080
39332
39555
39747
40075
40079
40274
40977
41217
41496
41611
42197
42302
42368
42559
42817
42843
43467
43554
43785
43925
43975
44356
44505
44536
44665
44835
44923
45110
45607
45761
45965
46241
46670
46836
47651
47757
48120
48134
48339
48399
48425
48723
48869
49037
49530
49638
50012
50191
50491
50524
50703
50815
50913
51025
51302
51303
51379
51732
52288
53012
53234
53376
53530
53778
54074
54169
54403
54892
55087
55154
55544
56098
56611
56617
56934
56978
57224
57388
57689
57778
57882
57952
58116
58843
59122
59229
59659
59932
60090
60247
60304
61065
61129
61152
61161
61327
61366
61436
61591
61624
62415
62527
62563
62864
63027
63041
63217
63704
63869
64394
64543
64663
64898
65143
65346
65493
66056
66168
66734
67193
67333
67419
67461
67784
67804
68045
68059
68236
68304
68380
68455
68476
68576
68784
68910
69008
69705
69735
69881
69924
70276
70439
70604
70768
70804
71053
71095
71570
71572
71823
71968
71974
72082
72238
72241
72336
72338
72742
72945
73329
73518
73551
73854
73889
74099
74132
74133
74248
74398
74594
74939
75361
75495
75518
75592
75620
75719
76240
76332
77167
77229
77236
77676
77707
77816
77900
78137
78307
78744
79151
79753
80113
80222
80595
80651
80849
81178
81189
81308
81386
81660
82051
82308
82834
82978
83078
83164
83265
83332
83919
83945
84296
84347
84361
84436
84801
84803
84910
85178
85374
85432
85499
85708
85773
85842
86005
86077
86275
86277
86897
87368
87381
87695
87723
88011
88311
88431
88542
88766
89287
89577
89638
89752
90143
90509
90793
90849
90923
91002
91040
91609
91644
91664
91852
92007
92065
92169
92175
92468
92821
93019
93195
93372
93578
93820
93908
94428
94473
94582
94820
95042
95061
95106
95142
95206
95278
95476
95506
95690
96262
96307
96380
96409
96486
96587
96923
96955
97012
97220
97364
97371
97524
97751
97806
97973
98771
98886
99061
99062
99140
99707
99750
99774
99791
100091
100411
100452
100539
100542
101007
101304
101370
101757
101981
102539
103028
103289
103298
103386
103514
103953
104886
105049
105120
105215
105283
105636
105980
105998
106713
106809
107016
107022
107150
107214
107563
108768
108832
108909
109784
109970
110170
110268
110274
110374
110377
110655
110879
110957
111036
111452
112551
112637
112758
112842
113035
113038
113088
113150
113334
113513
113861
113957
113973
114011
114183
114365
114658
114814
114865
115338
115637
115874
116005
116209
116396
116550
116592
117621
117816
117819
117886
118306
118543
118860
118972
119799
119825
120273
120394
120705
120778
120881
120905
121085
121099
121148
121240
121654
121855
122162
122237
122561
122677
122753
122982
123249
123262
123474
123488
123876
124397
124793
125022
125022
125387
125567
125863
125911
126070
126146
126221
126232
126364
127220
127268
127421
127903
128917
129049
129066
129071
129206
129318
129485
129514
129849
129881
130053
130423
131060
131319
131538
131542
131556
131792
131956
132133
132519
132555
132763
133417
133572
133628
133712
133972
134216
134259
134319
134398
134496
134747
135077
135192
135365
135489
135538
135980
135993
136107
136257
136348
136383
136414
136461
137258
137272
137445
137707
137766
137818
138057
138139
138201
138343
138442
138462
138698
139577
139670
139724
139892
140101
140339
140383
140388
140739
140765
140989
141037
141219
141493
142048
142137
142141
142553
142676
142772
142975
143100
143132
143159
143170
143274
143427
143448
143660
143696
144091
144097
144797
145287
145419
145451
145763
145815
145876
146046
146132
146227
146263
146275
146358
146368
146370
146404
146814
146892
147018
147166
147327
147795
147951
148280
148480
148685
148969
149099
150051
150700
151078
151361
151802
152065
152640
152745
152856
152869
152980
153080
153106
153166
153367
153380
153400
153430
153471
153537
153864
154053
154136
154176
154261
154344
154386
154615
154624
155394
155437
155481
155502
155573
155641
155652
155715
155869
155893
156009
156091
156125
156186
156368
156500
157046
157507
157691
157867
157926
158076
158212
158791
158824
158851
158855
159547
159726
160033
160215
160236
160763
160811
160961
160971
161399
161546
162145
162403
162503
163346
163530
163545
163745
163748
163848
163876
163994
164271
164490
164693
164878
165239
165301
165505
165765
165921
166197
166428
166546
166621
167116
167763
167985
168025
168174
168370
168389
168479
168762
168826
169320
169834
170735
170738
170857
171250
171360
171522
171546
171581
171849
171882
172165
173189
173868
174001
174013
174237
174265
174631
174855
175263
175272
175301
175528
175592
175633
175807
176138
176202
176298
176387
176471
176490
176590
176602
176882
176974
177463
177537
177570
178134
178341
178414
179624
179771
179825
179857
180373
180560
181319
181343
181526
181783
181868
181907
181926
182219
182229
182578
182591
182960
183103
183437
183577
183815
183869
184105
184142
184634
184661
185083
185120
185377
185388
185864
185871
186219
186426
186473
186711
186761
186767
186931
186952
187072
187106
187634
187670
187756
188066
188553
188819
188916
189005
189028
189357
189558
189563
189840
189918
190017
190344
190484
191368
191571
192182
192299
193008
193048
193310
193529
193536
193664
193683
193731
193795
193831
193873
194848
194861
194884
195005
195100
195581
195758
195763
196037
196340
196363
196797
197131
197139
197198
197205
197245
197612
197688
198044
198234
198236
198349
198529
198981
199062
199152
199277
199282
199582
199845
199860
200448
200562
200776
200795
201117
201307
201397
201550
201565
201809
201845
201983
202394
202556
202577
202760
202936
203138
203220
203305
203320
203421
203473
203954
204451
204681
204836
205085
205286
205801
205803
206026
206128
206496
206557
206650
206898
206916
207097
207179
207208
207258
207329
207438
207849
208149
208240
208689
209003
209189
209217
209513
209801
210951
211101
211297
211469
211653
211666
211872
211879
212134
212163
212422
212540
212606
212640
213020
213092
213163
213282
213501
213574
214037
214354
214546
214843
214953
214972
215109
215371
215377
215430
215606
215634
215868
215916
215934
216122
216492
216653
217144
217196
217354
217788
218362
218431
218760
219452
219499
219817
219865
219899
219935
220772
220998
221297
222082
223264
223683
223962
224386
224457
224586
224910
225240
225319
225370
225420
225426
225437
225608
225738
225747
225789
226115
226248
226355
226708
226807
226836
227063
227115
227139
227510
227639
227678
227746
227900
227982
228061
228083
228628
228792
228807
228852
229108
229175
229703
230198
230567
230586
230681
230764
230947
231098
231189
231267
231796
231870
231930
231981
232102
232106
232207
232398
232841
232898
232913
232966
233089
233496
233629
233964
234012
234030
234348
235225
236142
236354
237266
237858
238049
238164
238191
238289
238309
238531
238543
238548
238730
238775
239139
239197
239633
239978
240498
240530
240667
241431
241593
241931
241966
242092
242263
242401
242496
242658
242841
242969
243223
243423
243456
243645
243862
243898
243908
244121
244303
244617
244794
244821
245201
245758
245834
246105
246201
246347
246375
246835
246885
246961
247144
247158
247339
247469
248560
248753
248808
248930
248934
249395
249462
249475
249649
249738
249917
250097
250224
250240
250445
250765
250827
250978
251114
251294
251494
251548
251585
252293
252445
252896
253090
253163
253316
253684
253803
254990
255191
255273
255338
255380
255662
255678
255700
255895
256042
256275
256280
256284
256954
257216
257360
257391
257395
257444
257694
257820
257830
257941
258174
258300
258624
258647
258668
259123
259488
259565
259663
259776
259881
260194
260759
260914
261046
261526
261962
262115
262330
262600
263034
263173
263237
263273
264398
264517
264830
265056
265256
265444
265663
265961
266112
266330
267602
268040
268264
268398
268488
268563
268598
269155
269189
269197
270137
270364
271160
271374
271390
271516
271858
271883
271885
271916
271941
271988
272007
272359
272629
272886
273153
273620
273742
274250
274457
274489
274864
275229
275424
275582
275812
275871
276037
276265
276579
276712
276888
276910
277331
278993
279152
279425
279568
279604
279616
279938
280091
280135
281305
281311
281843
281968
282025
282060
282139
282167
282667
282755
283165
283419
283889
284119
284277
284468
284870
284928
284946
285184
285449
285609
285864
285928
286193
286588
286591
286677
286700
286836
286847
286997
287255
287322
287330
287354
287639
287724
287885
288199
288533
288647
288728
288765
288865
289152
289336
289414
289474
289584
289601
289838
289845
289903
290122
290298
291261
291464
291765
291808
292068
292153
292169
292214
292769
292835
292866
293524
293701
293965
293984
294085
294114
294121
294143
294229
294286
294299
294318
294912
295109
295521
295546
295608
295716
296221
296308
296478
296852
296875
297089
297351
297356
297546
297595
297706
297920
298038
298155
298981
299003
299045
299248
299296
299780
299839
300251
300380
300415
300698
301085
301144
301293
301447
302137
302283
302341
302348
302406
302422
302584
303037
303125
303398
303595
303606
303713
303866
303941
304309
304429
304436
304487
304564
304824
304988
305321
305660
305676
305895
306166
306521
306560
306673
307004
307128
307320
307453
307687
307845
307972
307976
308475
308523
308561
308648
308739
309522
309538
309668
309884
309913
310438
310912
311274
311297
311598
311776
311872
312099
312148
312368
312784
313170
313345
313916
313952
314316
314582
314673
315005
315015
315027
315167
315588
315653
315672
315771
315794
316199
316492
317294
317457
317559
317591
318404
318566
318734
319580
319818
319904
319950
320000
320118
320180
320238
320394
320458
320691
320733
320968
321113
321297
321477
321551
322170
322209
322412
322449
322655
322922
323025
323062
323113
323367
323407
323730
323774
323826
323945
324279
324611
324760
324998
325294
325319
325679
326115
326417
326629
326978
327101
327229
327716
328012
328236
328469
328555
328689
328823
329938
330044
330365
330458
330515
330528
330854
330883
331802
331995
332043
332044
332129
332508
332867
332970
333246
334547
335012
335321
335609
335644
335889
336191
336223
336412
336424
336440
336468
336473
336903
336953
337257
337515
337595
337602
337738
337877
337879
337976
338014
338093
338355
338390
338411
338448
338687
338697
338752
339246
339252
339273
339291
339489
339558
339840
339878
340134
340283
341149
341550
341835
342074
342297
342981
343313
344172
344201
344314
344538
344741
345074
345458
345972
346003
346084
346673
346698
346795
346885
347066
347314
347543
347645
348235
348582
348894
348916
348919
349227
349660
349790
349844
349985
350051
350198
350434
350488
350796
350798
350962
350968
351164
351249
351353
351854
352303
352334
352576
353068
353139
353518
353585
353633
353636
353696
353931
353957
354165
354221
354294
354340
354349
354365
354417
354688
354790
354847
354969
355059
355140
355275
355330
355706
356115
356191
356234
356284
356355
356678
357268
357428
357988
358138
358172
358661
358757
358835
358850
359290
359922
359999
360026
360725
360730
360800
360880
360931
361511
361548
361786
361871
362467
362488
362567
362846
363078
363302
363353
363367
363626
363712
364040
364178
364344
364399
364582
364898
365442
365798
366613
366959
367017
367124
367410
368050
368186
368420
369058
369283
369464
369556
369612
370981
371038
371426
371551
371984
372099
372124
372416
372490
372610
372913
373309
373313
373578
373916
373928
373947
374031
374083
374269
374291
374319
374831
375042
375062
375177
375205
375395
375520
375585
375730
376139
376146
376365
376419
376525
377616
377664
377678
377719
377919
377981
378479
378579
378721
378732
378797
378846
378872
378917
378983
379202
379417
379421
379499
380985
381470
381571
381628
381759
381777
382142
382460
382558
382652
382750
382802
383201
383373
383385
383492
383679
383687
383754
383985
384078
384139
384235
384315
384572
384681
384730
384940
385178
385257
385932
386713
386716
386822
386826
386827
386898
386932
387250
387590
387673
387991
388099
388344
388433
388569
388838
389131
389183
389291
389693
390305
390311
390826
391467
391678
391738
391880
391911
392059
392115
392131
392151
392191
392292
392503
392761
392788
393041
393101
393320
393450
393481
393740
393909
394056
394089
394265
394763
394845
395474
395552
395791
396076
396168
396701
396812
397345
397833
397877
397942
398124
398379
398397
398757
399124
399371
400153
400256
401083
401147
401405
401407
401429
401436
401489
401885
402009
402269
402352
402980
403226
403237
403479
403585
403715
403722
403752
404066
404169
404588
404598
404639
404701
405067
405276
405414
405531
405628
405984
406350
406574
406948
407113
407240
407402
407628
407885
407900
407945
408348
408368
408375
408500
408743
409071
409171
409233
409388
409515
409736
409743
409856
409902
410159
410409
410532
410880
411571
411720
411733
412106
412593
412791
412879
413206
413222
413293
413443
413751
414326
414391
414439
414486
414525
414645
414830
414837
414985
415040
415336
415548
415649
415676
416327
416462
416559
416731
417188
418059
418121
418188
418538
418721
418877
419031
419283
419627
419639
419883
420234
420369
420521
420696
420799
420844
420978
421215
421334
421549
422101
422112
422266
422494
422496
422507
422695
422856
423196
423268
423280
423354
423491
423547
424202
424255
424592
424933
425060
425686
425854
425924
426384
426403
426442
426554
426790
427411
427417
427430
427548
427732
427963
428122
428256
428500
428511
428576
428625
428682
428708
429128
429921
430120
430297
430494
430538
430724
430807
430883
431131
431267
431367
431440
431455
431634
431928
431971
432024
432468
433168
433375
433479
433573
433578
433716
433778
434053
434078
434662
434967
434970
434985
435327
435568
435595
435877
436168
436204
436373
436404
436442
436472
436720
436874
436978
436984
437062
437489
437673
437861
437994
438386
438570
439096
439465
439854
439899
440140
440528
440765
440835
440859
440913
440999
441007
441175
441213
441502
441525
441685
441814
442110
442139
442192
442290
442621
442652
442949
443217
443501
443564
443754
444125
444164
444258
444817
444963
445361
445770
445884
445892
446051
446110
446115
446982
447250
447435
447452
447580
447815
447926
448604
448614
448724
448946
449429
449517
449637
449811
449841
449902
450197
450672
450992
451119
451424
451846
451898
451988
452129
452163
452377
452517
452593
452754
453012
453187
453396
453457
453464
453516
453633
453705
453718
454168
454277
454646
454780
455102
455517
455553
455999
456235
456285
456297
456338
456464
456704
457123
457219
457369
457378
457608
459224
459366
459695
459764
459827
459828
459857
460368
460951
461004
461368
461469
461864
462019
462086
462413
462548
462674
462851
463040
463348
463417
463781
463953
464058
464271
464409
464790
465096
465224
465386
465407
465517
465520
465785
465795
466044
466063
466397
466402
466784
467115
467226
467245
467489
467491
467791
467966
467988
468094
468189
468497
468756
469230
469346
469354
469501
469814
469824
469880
469953
469967
470055
470184
470445
470484
470744
470814
470945
471090
471294
471448
471762
471783
471803
471964
472020
472638
472775
472940
473218
473409
473615
473859
474068
474363
474467
474869
475027
475192
475476
475558
475592
475633
475728
475858
475912
475914
476047
476150
476220
476511
476795
476834
476857
476996
477369
477444
477488
477519
477696
478096
478112
478118
478325
478494
478771
479353
480049
480167
480328
480378
480540
480637
480664
480772
481330
481358
481733
481886
482351
482988
483050
483064
483323
483457
483612
483846
483908
483951
483983
484009
484290
484768
485363
485494
485565
485616
485847
485852
485879
485880
486166
486310
486489
487365
487558
487609
487695
487718
487765
487907
488638
488878
488964
489138
489792
490400
490708
490881
491321
491957
491973
492012
492028
492376
492944
492964
493073
493414
493467
493535
493714
493758
494114
494377
494462
494505
494763
494872
495117
495417
495654
495789
496091
496601
496897
497022
497146
497237
497283
497362
497386
497838
498081
498402
498457
498531
498901
499176
499288
499364
499377
499437
499961
500080
500354
500447
500474
500831
500992
501140
501592
501600
501684
501722
501745
501932
502095
502316
502368
502706
503120
503153
503599
504431
504596
504674
505207
505339
505694
505914
506515
506972
507189
507323
507359
507610
507841
508143
508179
508196
508241
508293
508543
508600
508767
508876
509117
509224
509304
509528
509631
509734
510179
510639
510787
511019
511657
511691
511865
511936
512029
512038
512284
512620
512761
513045
513110
513666
513795
514044
514122
514326
514583
515264
515518
515891
515937
516015
516425
516451
516529
516576
516778
516809
517077
517182
517199
517699
517777
518390
518947
519079
519247
519808
520036
520198
520501
520504
520741
520781
520942
521577
521702
521753
522017
522162
522588
522835
523250
523390
523537
523698
523767
524028
524157
524288
524837
525352
525378
525412
525415
525657
526346
526513
526624
526658
527221
527356
528255
528501
528523
528720
529061
529778
530019
530047
530049
530109
530529
530553
530563
530663
530712
530884
530945
531032
531143
531191
531251
531495
531717
531782
531934
531970
532557
532641
532688
532944
533364
533441
533604
533697
533941
534239
534316
534448
534455
534499
534851
535317
535642
535893
536124
536196
536208
536242
536255
536385
536427
536462
536465
536700
536814
537017
537177
537223
537550
537657
537736
538252
538533
538533
538772
538782
538893
538937
538961
539308
539568
540092
540146
540173
540261
540311
540389
540837
540876
541116
541143
541181
541242
541488
541689
542393
542558
542824
542956
542973
542978
543144
543551
543801
543842
543941
544146
544323
544963
545126
545254
545259
545296
545317
545564
546074
546192
546211
546364
546649
546773
546829
546857
546971
547445
547521
547602
547766
547980
548054
548172
548329
549551
549639
550492
551180
551196
551207
551244
551248
551293
551366
551654
551955
551974
552259
552582
552654
552934
553102
553476
553726
554064
554181
554243
554794
554821
554841
555844
555962
556073
556781
556821
556835
556880
556893
557059
557349
557458
557992
558028
558144
558367
558584
558605
558628
558665
558872
558983
559017
559203
559351
559358
559518
559601
559738
559803
559861
559947
560603
560640
560803
560889
561059
561706
561856
561898
561915
561941
562306
562455
562455
562769
562809
563338
563437
563504
563974
564197
564344
564637
564712
564718
564771
564840
564974
565209
565395
565594
565656
566063
566357
566367
566692
566831
567025
567045
567213
567260
567261
567347
567495
567616
567687
567735
568084
568139
568183
568184
568305
568328
568469
568767
568883
569271
569411
569809
569875
569933
570187
570570
570576
570702
570862
570934
571133
571207
571352
571721
571846
572140
572217
572313
572400
572685
572779
572903
573015
573047
573078
573538
573591
573849
574015
574063
574318
574430
574670
574875
575091
575116
575308
575595
575666
575777
576044
576183
576521
577905
578571
578592
578631
578768
579145
579177
579220
579323
579619
579885
579898
580003
580381
580395
580416
580651
580993
581341
581345
581611
581691
582271
582424
582528
582532
582535
582931
583070
583327
583423
583663
583853
583901
583912
584098
584462
584827
585060
585495
585709
585748
585824
586117
586346
586613
586755
586951
587006
587451
587451
587633
587939
588283
588411
589343
589576
589701
590028
590062
590135
590610
590953
591071
591081
591161
591249
591259
591303
591371
591526
592035
592333
592537
592770
593483
593491
593555
594334
594711
594730
594845
595049
595153
595349
595354
595397
595477
595571
595579
595843
596069
596274
596388
596396
596975
597168
597210
597233
597402
597749
597912
597954
598433
598463
598565
598832
598869
598960
599296
599736
599833
599849
599859
600278
600359
600572
601049
601181
601863
602167
602489
602740
602867
603088
603479
603498
603573
603840
603986
604112
604624
605052
605140
605581
605641
605656
606222
606433
606632
606769
606834
606878
607077
607591
607762
608242
608315
608519
608735
608810
608850
609042
609228
609461
609707
609893
610063
610234
610304
610324
610558
610861
611199
611221
611280
611606
612224
612368
612475
612520
612638
612722
612815
612841
612853
613216
613532
613598
613637
613734
613915
614098
614196
614316
614530
614530
614717
614814
614894
615239
615447
615638
615712
615732
615800
616233
616501
616591
616790
617357
617830
617879
618010
618319
618367
618387
618790
618972
618986
619334
619449
619642
619664
619815
620382
620515
620532
620793
620998
621378
621821
622032
622138
622529
622642
622802
622834
622959
623504
623625
623736
623958
624161
624199
624310
624755
624943
625200
625249
625383
625431
625922
626034
626117
626122
626163
626344
626351
626422
626643
626668
626863
626880
626899
626929
627271
628008
628018
628121
628292
628311
628563
628634
629385
630015
630019
630092
630138
630177
630634
630675
630898
631013
631550
631650
632288
632795
632820
632873
632886
632974
633028
633572
633682
633872
633890
634909
634942
635243
635302
635416
636494
636616
636672
636898
637035
637065
637179
637207
637435
637939
638244
638261
638763
638925
639336
639347
639541
639792
639943
640002
640019
640077
640216
640334
640366
640512
640611
640911
641132
641195
641333
641640
641782
641938
642175
642333
642349
642605
642633
642940
642950
642989
643069
643318
643565
643565
644057
644189
644435
644465
644554
644734
644747
644824
644908
645017
645086
645367
645411
645592
645646
645682
645755
645791
645881
646224
646268
646430
646738
646842
647071
647117
648087
648100
648760
648853
649210
649516
649894
649964
650139
650609
650637
650678
650790
650906
651169
651296
651834
652049
652511
652765
652781
653418
653496
653632
653799
653822
654081
654167
654252
654636
654742
654935
654981
655115
655177
655464
655530
655596
655677
655779
656155
656192
656370
657049
657352
657473
657478
657633
657646
657652
657911
658093
658331
658375
658440
658661
658993
659022
659186
659270
659390
659402
659515
659811
660136
660184
660624
661674
661694
661792
661949
662133
662235
662377
662420
663087
663248
663255
663321
663426
663820
664202
664426
664454
664831
664999
665312
665384
665406
665596
665903
665947
666138
666556
666601
666907
667179
667236
667393
667420
667451
667501
667561
667737
667811
668080
668105
668111
668504
668736
668759
669097
669358
669387
669646
670288
670386
670413
670494
670767
670828
670942
671430
671433
671676
672114
672320
672476
672732
672881
673303
673823
674115
674205
674257
674460
674699
674787
674915
674967
674973
675057
675520
675687
675752
675769
675988
676271
676513
677099
677112
677267
677325
677990
678172
678325
678855
679633
679639
679648
679867
679915
679933
680089
680292
680612
680612
680703
680945
681693
681736
681916
682275
683100
683471
683561
683797
684472
684763
684802
684814
684822
684844
685318
685754
685980
686058
686251
687043
687137
687312
687517
687649
687772
688007
688250
688737
688899
689018
689148
689225
689342
689814
689835
690201
690303
690399
690646
690668
690683
690862
691116
691155
691358
691494
691496
691521
691789
692061
692084
692228
692377
692446
692707
693326
693749
694111
694148
694307
694369
694860
695111
695162
695258
695339
695401
695434
695968
696426
696920
696926
696962
697405
697542
697721
697850
698366
698530
698561
698717
698898
698901
698961
699162
699506
700367
700695
701266
701345
701425
701466
701591
701764
701830
702063
702126
702578
702642
702805
703009
703714
703798
703826
704038
704293
704332
704593
704645
704733
704939
705052
705299
705332
705666
705707
705776
706247
706277
706697
706746
706876
706903
707128
707394
707441
707556
707637
707650
708082
708337
708694
708925
708981
708984
709037
709619
709637
709701
709802
709941
710001
710066
710211
710417
710786
710909
711033
711080
711210
711601
711685
711712
711772
711827
711837
711850
711994
712215
712249
712428
713008
713016
713082
713228
713320
713359
713410
713866
713933
714370
714451
714505
714530
714555
714702
714755
715711
715722
715855
716216
716220
716269
716480
716756
716857
716903
716988
717001
717431
717613
717713
717895
718062
718249
718299
719440
719473
719524
719614
719729
720452
720636
720916
721045
721525
722049
722082
722421
722580
722924
723164
723232
723260
723287
723315
723320
723624
723772
723972
724149
724364
724694
724915
725030
725357
725847
726252
726283
726433
726510
726563
726663
727649
727784
728513
728689
728736
729354
729472
729712
729760
730090
730285
730473
730552
730637
730688
730940
731354
731358
731359
731391
731672
732075
732135
732291
733126
733333
733581
733593
734168
734309
734735
735062
735246
735406
736108
736217
736300
736364
736553
736568
736678
736960
737280
737945
738260
738491
738497
738585
738834
738935
738937
738942
739347
739782
740649
740767
740813
740824
740831
740914
741099
741413
741443
741615
741857
742106
742106
742453
742458
742554
742594
742805
742839
742889
742891
742951
743051
743093
743311
743404
743438
743456
743762
744341
744488
744594
744643
744746
744793
744913
745361
745402
745602
745765
746019
746039
746640
746748
746923
747070
747123
747124
747368
748118
748193
748243
749103
749390
749422
749429
749441
749473
750109
750659
751016
751044
751306
751478
751763
751773
751838
751878
752136
752189
752257
752427
752921
753020
753037
753256
753623
753963
754468
754786
754862
754879
755230
755524
755656
755856
756082
756893
756912
757106
757244
757317
757570
757878
758001
758100
758109
758128
758803
759769
759792
759870
760064
760228
760755
761338
761726
761755
761817
762351
762610
762897
763741
763884
763908
763983
764094
764198
764291
764739
765035
765138
765285
765376
765408
765744
765985
766041
766054
766393
766413
766610
767022
767215
767231
767586
767716
767923
768004
768209
768265
768624
768817
768923
769060
769114
769859
769860
770178
770189
770585
770710
771020
771444
771827
772303
772522
772526
772759
772772
772787
772823
773337
773614
773633
773809
773993
774306
774910
774951
775130
775871
776015
776229
776538
777115
777222
777347
777385
777394
777519
777665
777734
778369
778510
778621
778738
779037
779421
779893
780064
780309
780362
780409
780465
780550
780773
780816
780891
780900
781015
781086
781238
781392
781479
781495
781528
781545
781775
782055
782228
782293
782385
782520
782571
782795
782832
783084
783141
783565
784091
784684
784717
784786
785021
785072
785271
785412
785461
785550
785991
786380
786625
786693
786807
786810
787127
787189
787228
787500
787515
787694
788022
788105
788341
788400
788421
788874
789065
789088
789470
789474
789649
789874
790208
790212
790230
790640
790679
790734
792352
793000
793033
793098
793164
793250
793715
793874
793963
794156
794479
794642
794642
794655
794736
795083
795337
795446
796095
796540
797443
797586
798046
798065
798535
798956
799487
799496
799671
799757
799933
800095
800174
800194
800309
800484
801061
801116
801411
801780
801944
802355
802459
802731
802735
802779
802807
803203
803218
803296
803318
803359
803450
803640
803892
804235
804307
804544
804548
804643
805299
805370
805463
805640
805756
806016
806063
806091
806249
806353
806681
806902
807040
807735
807753
808182
808301
808312
808461
808473
809111
809154
809261
809530
809810
809904
809937
810403
810470
810806
810899
810966
811332
811741
811743
811833
811902
812143
812606
812884
813212
813259
813342
813510
813536
813676
813936
814147
814254
814270
815358
815577
815837
815876
815992
816116
816293
816592
816660
816673
816708
817091
817121
817400
817654
818457
818463
818748
818858
819196
819273
819337
819385
819406
819521
819661
819718
819854
820266
820403
820618
820969
821017
821200
821234
821671
822191
822603
822905
823034
823485
823505
823610
823717
823791
823852
823895
823918
823977
824096
824261
824382
824797
824974
824992
825348
825571
825940
826350
826402
826419
826633
826958
827136
827543
827651
827864
827923
828121
828189
828453
828718
828758
828953
829130
829195
829227
829287
829323
829345
829404
829719
829991
830295
830399
830420
830924
831041
831101
831642
831673
832722
832787
832866
832884
833105
833157
833431
833529
833611
834046
834164
834369
834400
834592
834858
835384
835577
835850
835909
835926
836046
836176
836230
836698
837333
837464
837505
837519
837671
837711
838157
838438
838673
838788
838906
839101
839685
839899
840132
840316
840430
840580
841021
841281
841387
841758
841898
842196
842510
842520
842874
842919
843175
843358
843662
843704
843733
843737
843817
844136
844321
844428
844686
844875
844915
845175
845414
845521
846007
846136
846152
846564
846597
846915
846955
846976
847008
847131
847328
847455
847700
847846
847972
848097
848182
848631
848850
848967
849408
849670
849846
849847
849865
850054
850242
850322
850365
850468
850605
850714
850875
851105
851205
851229
851298
852082
852229
852595
853154
853475
853993
854215
854403
854568
854806
854840
855334
855506
855631
855688
855991
856000
856145
856380
856447
856491
856748
856839
857592
857864
858050
858057
858428
858685
858707
858711
858733
858819
858854
858885
859035
859128
859336
859429
859658
859871
860088
860570
860746
861168
861447
861705
862460
862515
862775
863039
863047
863159
863257
863407
863472
863524
863594
863825
863905
864081
864159
864209
864387
864654
864850
864991
865360
865584
865758
865842
866143
866154
866168
866321
866465
866643
867149
867271
867500
867558
867727
867812
868059
868120
868607
868834
868906
868946
869046
869533
869576
869590
870075
870537
870732
870766
871072
871383
871664
871946
871953
872000
872040
872259
872304
872320
872336
872399
872792
873038
873153
873337
873349
873361
873509
873608
873790
873929
873987
874203
874246
874258
874621
874646
875368
875452
875758
875846
876350
876613
876781
876888
877079
877207
877600
878005
878055
878617
878660
879768
879968
880299
880491
880555
880659
880770
880987
881007
881414
881463
881516
881573
881687
881698
882026
882128
882168
882185
882281
882321
882446
882643
883450
883468
883527
883656
883946
884200
884341
884410
884520
884552
884762
884785
884929
885306
885472
885674
885786
885871
886224
886375
886385
886815
887048
887210
887626
887893
887943
887988
888028
888152
888201
888470
888623
888746
888870
888929
888997
889418
889740
889823
889892
889955
890390
890682
890750
891294
891423
891621
892169
892211
892494
892974
892978
893829
893911
894091
894144
894458
895259
895327
895496
895512
896172
896206
896284
896507
896559
896710
897314
897395
898158
898176
898438
898572
899097
899373
899464
899562
899648
899983
900200
900468
900726
900967
901204
901642
901840
902117
902278
902317
902564
902780
903100
903140
903158
903390
903475
903668
903969
904216
904378
904472
904541
904672
905212
905557
905814
906350
906366
906657
906931
907068
907266
907345
907595
908018
908062
908126
908299
908407
908696
908831
908978
909350
909569
909667
910516
910701
911016
911334
911348
911716
911744
912126
912644
913158
913339
913452
913992
914063
914072
914220
914293
914332
914760
915201
915205
915236
915457
915724
916005
916096
917058
917119
917278
917352
918430
918533
918820
919015
919065
919346
919408
919860
919868
920027
920032
920076
920085
920266
920602
920780
921016
921080
921311
921455
921568
922056
922097
922244
922251
922498
922666
923038
923229
923729
924172
924190
924593
924959
925202
925374
925801
925923
926212
926475
926480
926529
926671
926903
926956
927199
927621
927686
927996
928070
928209
928713
928884
928928
929033
929352
929477
929522
929913
930261
930814
931252
931700
932014
932042
932059
933010
933066
933189
933208
933400
933627
933864
933907
934291
934329
934337
934743
934805
934856
934940
934948
935046
935138
935618
935717
936058
936083
936091
936266
936430
936566
936973
937105
937109
937305
937308
937667
937719
937907
937916
938462
938570
939811
939933
940016
940736
940806
941176
941365
941377
941588
941610
942024
942048
942124
942330
942378
942410
942485
942496
942588
942621
942936
943017
943206
943463
943547
943860
943871
943903
943951
943955
944082
944158
944320
944406
944729
945225
945349
945413
945440
945453
945553
945606
945738
946249
946327
946336
946363
946485
946524
946548
946950
947057
947112
947147
947186
947464
947482
947571
947910
948060
948176
948590
948701
948803
948970
949321
949409
949435
949533
949716
949852
950092
950145
950214
950395
950478
950575
950860
950898
951190
951254
951257
951310
951369
951563
951900
952134
952521
952616
952705
953318
953350
953397
953549
953689
953917
954120
954839
954869
955048
955167
955240
955257
955328
955573
955577
955632
955956
956120
956217
956537
956812
956893
957120
957450
957526
957527
957869
958276
958440
958531
958626
958635
958827
958869
958878
959146
959340
959473
959557
959679
959844
959949
959999
960229
960790
960891
960918
960929
961049
961267
961315
961686
961724
962034
962709
963024
963141
963304
963515
964077
964190
964251
964254
964546
964654
964689
964738
964747
964788
965009
966010
966597
966725
966909
967146
967184
967375
967386
967622
967692
967859
968067
968123
968617
968831
968897
968968
968995
969087
969270
969319
969420
969856
969876
969878
969930
969998
970032
970236
970650
970659
971143
971159
971302
971379
971391
971551
971915
971982
971991
972135
972172
972554
972598
972659
972798
972888
973016
973121
973312
973319
974089
974473
974708
974911
974965
975171
975303
975336
975692
976079
976113
976262
976272
976347
977067
977385
977441
977635
977763
978440
978703
978884
979070
979139
979322
979332
979746
979803
980030
980224
980340
980878
980895
981077
981099
981589
981714
981798
981946
981971
982053
982068
982126
982131
982209
982256
982317
982493
983066
983111
983376
983612
983641
983952
984063
984109
984479
984743
985455
985542
985692
985750
985904
985943
986049
986500
986533
986750
986952
986995
987225
987237
987435
987458
988934
989075
989182
989381
989562
989718
990186
990257
990318
991015
991291
991452
991584
991738
991914
991964
992195
992588
992697
993145
993264
993309
993629
994212
994259
994471
994628
994733
994763
994887
994966
995005
995414
995538
996227
996248
996297
996329
997300
997472
997534
997956
997967
998006
998105
998233
998923
999248
999612
999804
1000011
1000493
1000605
1000664
1000904
1001125
1001185
1001391
1001395
1001529
1001550
1002470
1003093
1003184
1003238
1003296
1003390
1003474
1003617
1004237
1004361
1004933
1005013
1005165
1005306
1005481
1005895
1005896
1006176
1006325
1006620
1006731
1007384
1007476
1007653
1007681
1007730
1007959
1008276
1008339
1008652
1008806
1008807
1009087
1009375
1009395
1009630
1009653
1009759
1010019
1010258
1010778
1010816
1010821
1010937
1011085
1011088
1011862
1012645
1012743
1013044
1013433
1013473
1013477
1013579
1013631
1013946
1013947
1013954
1014384
1014442
1014505
1015226
1015250
1015311
1015486
1016261
1016615
1016623
1016628
1017096
1017103
1017189
1017405
1017446
1017545
1017564
1018084
1018365
1019076
1019116
1019176
1019365
1019604
1019989
1020099
1020147
1020557
1020779
1020867
1021002
1021144
1021483
1021521
1021631
1021907
1021981
1022526
1022756
1023323
1023446
1023503
1023631
1023693
1023714
1024078
1024414
1024501
1024540
1025244
1025383
1025552
1025587
1026014
1026067
1026280
1026311
1026598
1026613
1026836
1027424
1027575
1027848
1028704
1028747
1029246
1029250
1029270
1029638
1029707
1029960
1029992
1029995
1030000
1030031
1030383
1030767
1031306
1032013
1032169
1032277
1032902
1032950
1033003
1033203
1033317
1033433
1033446
1033822
1033953
1034206
1035049
1035125
1035346
1035527
1035528
1035597
1036202
1036228
1036325
1036554
1036588
1036667
1036910
1037162
1037388
1038175
1038275
1038487
1038701
1038873
1038908
1038972
1038991
1039552
1039861
1039962
1039992
1040405
1040588
1040600
1040927
1040989
1041005
1041017
1041178
1041577
1041604
1041845
1042002
1042239
1042248
1042311
1042441
1042647
1042745
1042819
1043027
1043091
1043379
1043395
1044454
1044615
1044839
1045191
1045206
1045301
1045712
1046179
1046544
1046564
1047056
1047207
1047685
1047695
1048091
1048121
1048199
1048819
1048936
1049130
1049223
1049224
1049510
1049598
1049764
1049774
1050005
1050125
1050248
1050291
1050471
1050663
1050739
1050764
1050843
1051002
1051027
1051274
1051431
1051614
1051634
1051928
1051937
1052160
1052186
1052325
1052700
1053095
1053341
1053486
1053582
1053680
1054184
1054331
1054645
1054961
1055129
1055204
1055425
1055662
1055981
1056294
1056463
1056897
1057403
1057618
1058003
1058098
1058177
1058258
1058407
1058718
1059400
1059459
1059792
1059854
1060062
1060559
1060873
1061365
1061564
1061643
1061651
1061969
1062109
1062445
1062461
1062532
1062551
1062613
1062776
1063193
1063232
1063449
1063870
1064047
1064057
1064179
1064451
1064478
1064569
1064615
1064663
1064946
1065432
1065685
1065875
1066115
1066214
1066293
1066310
1066373
1066416
1066422
1066441
1066444
1066988
1067259
1067337
1067429
1067435
1067514
1067884
1068143
1068287
1068352
1068793
1068849
1069136
1069281
1069501
1069765
1069931
1070160
1070406
1070628
1070752
1070821
1071127
1071408
1071461
1071617
1071838
1071985
1072321
1072339
1072469
1072471
1072506
1072642
1072705
1072906
1073074
1073185
1073321
1073481
1074307
1075406
1075736
1075792
1076041
1076154
1076181
1076273
1076392
1076424
1076443
1076552
1076633
1077017
1077277
1077298
1077318
1077503
1077957
1078174
1078244
1078295
1078457
1078488
1078707
1078872
1079059
1079095
1079300
1079577
1080187
1080429
1080457
1080629
1080693
1080874
1081286
1082406
1082766
1082867
1083303
1083886
1083984
1083986
1084342
1084524
1084571
1084644
1084747
1084990
1084995
1085423
1085495
1085800
1086384
1087121
1088107
1088459
1088518
1088571
1088743
1088746
1088808
1088927
1088949
1089073
1089892
1089970
1090093
1090163
1090293
1090393
1090592
1090791
1091548
1091787
1091828
1092004
1092091
1092180
1092404
1092445
1092725
1092824
1092828
1092988
1092995
1093111
1093208
1093397
1093525
1093885
1094021
1094342
1094433
1094566
1095132
1095385
1095458
1095568
1095925
1096204
1096206
1096318
1096472
1096569
1096651
1097064
1097175
1097436
1097755
1097848
1098367
1099636
1099816
1100632
1100697
1100775
1101101
1101193
1101326
1101378
1101525
1101666
1102093
1102310
1102653
1102687
1102716
1102824
1102855
1103001
1103767
1104037
1104337
1104389
1104801
1105182
1105327
1105359
1105444
1105487
1106110
1106131
1106562
1106707
1106808
1106898
1107171
1107737
1107750
1107942
1107968
1108309
1108313
1108685
1108867
1108976
1109104
1109144
1109305
1110150
1110548
1110798
1111077
1111102
1111445
1111556
1111676
1111980
1112244
1112406
1112450
1112678
1113004
1113158
1113370
1113539
1113739
1113860
1114026
1114095
1114169
1114533
1114536
1114557
1114606
1114803
1114863
1114949
1114950
1115026
1115124
1115646
1115943
1115988
1116052
1116062
1116204
1116235
1116270
1116470
1116755
1116769
1116805
1116946
1117467
1117678
1117769
1117834
1118070
1118695
1119047
1119093
1119356
1119530
1119584
1119608
1119622
1119919
1120055
1120180
1120297
1120344
1120355
1120810
1120817
1121080
1121140
1121332
1121349
1121393
1121595
1121611
1121685
1122065
1122248
1122273
1122289
1122590
1122721
1123113
1123579
1123584
1123586
1123606
1123642
1123945
1123981
1124396
1124468
1124611
1124619
1125032
1125055
1125141
1125185
1125460
1125501
1125694
1126384
1126664
1126900
1127217
1127549
1127669
1128013
1128030
1128521
1128968
1129127
1129250
1129378
1129929
1129956
1129960
1130240
1130805
1130913
1130979
1131672
1131686
1131957
1132186
1132346
1132427
1132772
1132973
1132987
1134054
1134071
1134172
1134791
1134920
1134957
1134983
1135260
1135308
1135495
1135615
1135674
1135955
1136528
1136599
1136755
1136992
1137036
1137149
1137345
1137780
1137852
1138125
1138542
1138581
1139021
1139041
1139359
1139584
1139824
1140099
1140126
1140362
1140477
1140555
1140580
1140725
1140771
1140922
1141020
1141491
1141743
1142210
1142255
1142358
1142390
1142465
1142465
1142581
1142716
1142766
1143051
1143054
1143257
1143439
1144053
1145177
1145331
1145585
1145907
1145932
1146239
1146324
1146435
1146598
1146695
1146702
1147475
1147693
1147723
1147903
1147937
1148071
1148119
1148132
1148147
1148219
1148347
1148416
1148451
1148660
1148713
1148853
1148922
1149009
1149180
1149243
1149422
1149607
1149693
1149819
1149838
1149907
1150293
1150341
1150475
1150997
1151016
1151409
1151765
1151829
1152605
1152782
1152789
1152893
1153224
1153496
1153584
1154218
1154331
1154575
1154604
1154654
1154715
1154905
1154909
1154921
1155296
1155455
1155967
1156224
1156465
1156548
1156754
1156793
1157126
1157262
1157326
1157341
1157429
1158288
1158295
1158510
1158530
1158622
1158701
1158983
1159210
1159348
1159476
1159897
1160918
1161092
1161514
1161715
1162208
1162436
1162474
1162481
1162543
1162917
1162982
1163058
1163650
1163692
1164208
1164285
1164415
1164443
1164562
1165083
1165139
1165996
1166114
1166125
1166481
1166656
1166825
1166863
1166896
1167438
1167496
1167508
1167862
1168121
1168160
1168206
1168370
1168382
1168626
1168678
1168715
1169206
1169233
1169294
1169465
1169565
1169642
1169720
1169999
1170070
1170196
1170268
1170361
1170476
1170484
1170807
1171014
1171662
1172036
1172584
1172827
1172898
1173097
1174215
1174311
1175099
1175416
1175426
1175504
1175657
1175776
1175874
1176215
1176546
1176658
1176898
1177132
1177307
1177652
1177655
1178375
1178411
1178905
1179120
1179365
1179427
1179683
1179835
1179956
1180177
1180832
1181400
1181666
1182014
1182261
1182887
1183144
1183278
1183473
1183493
1183593
1183909
1184097
1184210
1184358
1184576
1185011
1185302
1185393
1185542
1185730
1185967
1186219
1186440
1188557
1189458
1189466
1189477
1189660
1189890
1189963
1190068
1190519
1190641
1190778
1190785
1191184
1191373
1191601
1191851
1192031
1192186
1192199
1192779
1192938
1193175
1193317
1193561
1193638
1193712
1194771
1195217
1195242
1195280
1195839
1195973
1196100
1196505
1196612
1196905
1196951
1197176
1197318
1198112
1198210
1198299
1198503
1198780
1198827
1198882
1198966
1199401
1199610
1199777
1199929
1200034
1200304
1200319
1200484
1200877
1201559
1201606
1201680
1202351
1202365
1202943
1203848
1203852
1204042
1204296
1204296
1204378
1204378
1204413
1204483
1204565
1204794
1204941
1205085
1205144
1205273
1205288
1205402
1205886
1205907
1206163
1206228
1206411
1206500
1206510
1206528
1206849
1206980
1207082
1207956
1208031
1208601
1208682
1208791
1208895
1208919
1209092
1209199
1210048
1210058
1210070
1210214
1210245
1210540
1210936
1210974
1211019
1211315
1211346
1211612
1211821
1211928
1212186
1212258
1212708
1213449
1213763
1213774
1213862
1214024
1214096
1214414
1214524
1215240
1215696
1216239
1216259
1216272
1216633
1216889
1216934
1217089
1217174
1217183
1217214
1217283
1217289
1217448
1217566
1217569
1217676
1217806
1217932
1218240
1218599
1218974
1219399
1219767
1220058
1220469
1220638
1220724
1220748
1220920
1221000
1221062
1221084
1221603
1221667
1222263
1222569
1222771
1222811
1222933
1222941
1223052
1223407
1223424
1223445
1223522
1223558
1223968
1224098
1224147
1224550
1224583
1224915
1224976
1225101
1225122
1225281
1225429
1225609
1226070
1226096
1226460
1226615
1226868
1227224
1227233
1227749
1227982
1228531
1228605
1228978
1229054
1229212
1229250
1229271
1229899
1230392
1230710
1231397
1231649
1231699
1231918
1232202
1232337
1232469
1232686
1233180
1233218
1233316
1234318
1234380
1234402
1234558
1235468
1235611
1235714
1236223
1236252
1236323
1236593
1236777
1236985
1237148
1237395
1237889
1237968
1237974
1238279
1238333
1238335
1238364
1238465
1238512
1238590
1238691
1238817
1239058
1239152
1239595
1239658
1240076
1240118
1240158
1240364
1240760
1241659
1241770
1242049
1242300
1242323
1242440
1242478
1243254
1243302
1243328
1243466
1243552
1244177
1244281
1244283
1244963
1245321
1245350
1245611
1245687
1245793
1245898
1246183
1246595
1246859
1247108
1247676
1247800
1248117
1248593
1249048
1249081
1249257
1249562
1249621
1249837
1249932
1250121
1250348
1250367
1250403
1250562
1250744
1251220
1251365
1251608
1251611
1251713
1251943
1252101
1252576
1252624
1252663
1252674
1252978
1253374
1253702
1254981
1255130
1255650
1255697
1255761
1256145
1256324
1256914
1257147
1257215
1257341
1257374
1257391
1257502
1257939
1258036
1258317
1258421
1258648
1258909
1259045
1259186
1259639
1259960
1260052
1260167
1260227
1260312
1260439
1260614
1261051
1261876
1261927
1261944
1262058
1262132
1262332
1262832
1263004
1263005
1263239
1263714
1263851
1264021
1264214
1264466
1265234
1265378
1265590
1266107
1266382
1267156
1267212
1267267
1267452
1267559
1267879
1268349
1268375
1268946
1269028
1269388
1269428
1269839
1270233
1270539
1270665
1270848
1271801
1271988
1272150
1272367
1272627
1272781
1273131
1273221
1273272
1273447
1273662
1273877
1274200
1274219
1274234
1274247
1274273
1274275
1274457
1274774
1274874
1275082
1275159
1275439
1275850
1276152
1276197
1276330
1276846
1276890
1276969
1277324
1277707
1277777
1277906
1278174
1278493
1278570
1278667
1278741
1278820
1279018
1279074
1279233
1279271
1279992
1280059
1280219
1280284
1280295
1280534
1280616
1280638
1280689
1280816
1280886
1281452
1281628
1281973
1282262
1282825
1282903
1283233
1283316
1283395
1283591
1283789
1283852
1284130
1284439
1284573
1284816
1285144
1285332
1285408
1286077
1286798
1286969
1287069
1287142
1287163
1287791
1287981
1288159
1288494
1288549
1289087
1289129
1289157
1289201
1290027
1290417
1290566
1290757
1290886
1291047
1291146
1291862
1292082
1292541
1292574
1292786
1292806
1292831
1293308
1293552
1293918
1294051
1294177
1294257
1294792
1294911
1294915
1295380
1295606
1296386
1296677
1297790
1297843
1297954
1297960
1298157
1298248
1298353
1298375
1298443
1298522
1298838
1299051
1299270
1299575
1299609
1300183
1300191
1300309
1300447
1300526
1300534
1300551
1300784
1300908
1300979
1301009
1301088
1301263
1301424
1301947
1302104
1302755
1303025
1303685
1303940
1303943
1304064
1304206
1304607
1304821
1304898
1304966
1304991
1305052
1305198
1305246
1305296
1305505
1305552
1305839
1305909
1305951
1306111
1306229
1306417
1306488
1307218
1307262
1307915
1308036
1308267
1308336
1308455
1308470
1308475
1308488
1308726
1308837
1309071
1309107
1309226
1309365
1309413
1309416
1309720
1310003
1310421
1310525
1310608
1310616
1310618
1310693
1311027
1311194
1311294
1311966
1312121
1312438
1312571
1312669
1313251
1313557
1313910
1313987
1314106
1314387
1314577
1314744
1314891
1315148
1315189
1315204
1315370
1315883
1316385
1316447
1316649
1316810
1316899
1317423
1317470
1317489
1317591
1317649
1317667
1318006
1318034
1318055
1318185
1318193
1318409
1318555
1318571
1318645
1318648
1318796
1318799
1319098
1319791
1319877
1319983
1320124
1320864
1321157
1321287
1321385
1321416
1321491
1321566
1322280
1322345
1322471
1322474
1322529
1322559
1322586
1322947
1323106
1323345
1323965
1323973
1324039
1324309
1324726
1324786
1325715
1325920
1325921
1326221
1326296
1326798
1326824
1327200
1327354
1327664
1327815
1327911
1327966
1328000
1328259
1328329
1328624
1328662
1329239
1329694
1329956
1330034
1330524
1330776
1330827
1331067
1331095
1331161
1331346
1331567
1332120
1332128
1332646
1332744
1332818
1333118
1333213
1333398
1333825
1333842
1334488
1334556
1334623
1334676
1334738
1334871
1334902
1335084
1335239
1335294
1335672
1335811
1335962
1336211
1336357
1336381
1336388
1336524
1336729
1337334
1337405
1337846
1337847
1338001
1338069
1338140
1338182
1338328
1338473
1338704
1339104
1339127
1339310
1339320
1339557
1339756
1339758
1340044
1340044
1340126
1340303
1341075
1341207
1341216
1341235
1341284
1342235
1342390
1342799
1342899
1342936
1342985
1343610
1343941
1344101
1344430
1344626
1344690
1344970
1345376
1345539
1345720
1345721
1345985
1346343
1346589
1346743
1346882
1347234
1347888
1348021
1348397
1348832
1348986
1349177
1349341
1349356
1350255
1350624
1350863
1351050
1351772
1352261
1352347
1353011
1353274
1353309
1353412
1353798
1353832
1353888
1353920
1353933
1354148
1354480
1354798
1354862
1354904
1354910
1354936
1355099
1355111
1355480
1355515
1355587
1355710
1355769
1356138
1356214
1356409
1356449
1357014
1357232
1357433
1357735
1357881
1358014
1358117
1358143
1358436
1359127
1359266
1359273
1359451
1359701
1359704
1359864
1360487
1361369
1361616
1361778
1362075
1362149
1362235
1362593
1362608
1363366
1363521
1363557
1363612
1363791
1363872
1364377
1364460
1364493
1364979
1365096
1365572
1365603
1365656
1365695
1366000
1366452
1366746
1366849
1366874
1366986
1367354
1367640
1367783
1367807
1368053
1368066
1368135
1368317
1368461
1368944
1369267
1369345
1369660
1369780
1369885
1369889
1369979
1369996
1370160
1370177
1370182
1370386
1370627
1370718
1370808
1370836
1371119
1371196
1371235
1371361
1371416
1371748
1371879
1371914
1371920
1372112
1372466
1372830
1372934
1373189
1373329
1373427
1373926
1374088
1374148
1374313
1374509
1374537
1374864
1374946
1375006
1375036
1375249
1375690
1375933
1376290
1376389
1376516
1376652
1377374
1377932
1378348
1378385
1378441
1378690
1378710
1379094
1379472
1379934
1380134
1380642
1380820
1381015
1381015
1381037
1381090
1381314
1381418
1381630
1381778
1381795
1382609
1382775
1382891
1383013
1383027
1383049
1383126
1383244
1383321
1383787
1383856
1383892
1383922
1384094
1384602
1384864
1384973
1384993
1385013
1385064
1385082
1385189
1385394
1385510
1385662
1385770
1386251
1386417
1386977
1387078
1387578
1387588
1387902
1387929
1388219
1388336
1388732
1389036
1389098
1389207
1389637
1389873
1389943
1390092
1390357
1390365
1390410
1390667
1390879
1390990
1391285
1391510
1391880
1391948
1392072
1392122
1392316
1392637
1392808
1393053
1393558
1394244
1394588
1394603
1394853
1394964
1395658
1395687
1395733
1395954
1395979
1396216
1396666
1396960
1397117
1397345
1397644
1398002
1398099
1398484
1398491
1398567
1398691
1398824
1398831
1398855
1399234
1399324
1399394
1399442
1399661
1399718
1399913
1399997
1400116
1400243
1400802
1400813
1400835
1400961
1401061
1401075
1401090
1401103
1401260
1401762
1401807
1401859
1402133
1402375
1402457
1402578
1402636
1403056
1403458
1403490
1403518
1403714
1403937
1404075
1404423
1404775
1404880
1404898
1404974
1405008
1405053
1405126
1405189
1405420
1405478
1405586
1405928
1406066
1406259
1406578
1406668
1406805
1406861
1406882
1407008
1407100
1407428
1407687
1407929
1408044
1408311
1408742
1409058
1409154
1409203
1409584
1409874
1409945
1410601
1410671
1410735
1410811
1410897
1410942
1411597
1411604
1411786
1411937
1412120
1412126
1412475
1412482
1412540
1412631
1412726
1412763
1413259
1413360
1413362
1413477
1413583
1414029
1414225
1414283
1414344
1414476
1414730
1414881
1415006
1415100
1415265
1415638
1415762
1416123
1416134
1416141
1416267
1416298
1416337
1416488
1416515
1416661
1416703
1416736
1416755
1416828
1416956
1417195
1417428
1417454
1418065
1418385
1418411
1419087
1419423
1419548
1419733
1419850
1420622
1420731
1421029
1421196
1422468
1422481
1422578
1422729
1422968
1423057
1423071
1423167
1423185
1423397
1423833
1424333
1424338
1424460
1424671
1424707
1424829
1424862
1425323
1425339
1425340
1425397
1425759
1426697
1426974
1427075
1427078
1427147
1427943
1428757
1429682
1429965
1430125
1430191
1430201
1430839
1430841
1430939
1431169
1431175
1431322
1431370
1431377
1431843
1432271
1432300
1432851
1433308
1433492
1433890
1434172
1434339
1434431
1434449
1434463
1434553
1434849
1434930
1435001
1435048
1435053
1435129
1435246
1435458
1435459
1435838
1436374
1436754
1437110
1437446
1437633
1437659
1437871
1438201
1438292
1438416
1438426
1438603
1438773
1438793
1438893
1439435
1439502
1439898
1440121
1440288
1440343
1440376
1440455
1440507
1440834
1441208
1441876
1441889
1442170
1442203
1442260
1442324
1442709
1442910
1443680
1443967
1444240
1444310
1444326
1444412
1444428
1444541
1444756
1445078
1445182
1445229
1445443
1445474
1445893
1445951
1445953
1446431
1446668
1447091
1447140
1447368
1447579
1447697
1447729
1448010
1448052
1448330
1448454
1448711
1448926
1449107
1449117
1449123
1449275
1449589
1449605
1449622
1449775
1449819
1449923
1450081
1450308
1450474
1450486
1450848
1450890
1451084
1451681
1451804
1451830
1451836
1452099
1452361
1452373
1452956
1453324
1453358
1453404
1453665
1453708
1453741
1453877
1454011
1454119
1454171
1454599
1454864
1454982
1454995
1455136
1455257
1455304
1455751
1456021
1456285
1456694
1456841
1456863
1457060
1457401
1457526
1458123
1458149
1458301
1458329
1458473
1458480
1458963
1459389
1459451
1459537
1459543
1459563
1459621
1459631
1459894
1460018
1460329
1460558
1460597
1460673
1460766
1460907
1460942
1461010
1461030
1461221
1461308
1461476
1461488
1461548
1461652
1461784
1461806
1461839
1461957
1462003
1462119
1462120
1462251
1462286
1462392
1462861
1463470
1463701
1463867
1463969
1464962
1465032
1465212
1465313
1465419
1465486
1465565
1465656
1465824
1465849
1465989
1466322
1466357
1466757
1467192
1467499
1467521
1467745
1467798
1468021
1468216
1468398
1468401
1468420
1468786
1468878
1469026
1469133
1469365
1469579
1469663
1469699
1469826
1470083
1470799
1470806
1471017
1471408
1471608
1471814
1471898
1471960
1472457
1472531
1472605
1473475
1473943
1474393
1474475
1474627
1474971
1475114
1475182
1475741
1475744
1476381
1476438
1476572
1476944
1476984
1477227
1477263
1477789
1478229
1478262
1478466
1478781
1479116
1479345
1479561
1479622
1479633
1479733
1480146
1480403
1480824
1481063
1481539
1481622
1481867
1481956
1482162
1482535
1483068
1483114
1483645
1483714
1483818
1483886
1484290
1484511
1484767
1484831
1484843
1484946
1485378
1485378
1485501
1485503
1485530
1485761
1485954
1485985
1486250
1486293
1486419
1486852
1486892
1487160
1487509
1487581
1487954
1488154
1488307
1488343
1488985
1489002
1489348
1489563
1489796
1489814
1490016
1490238
1490400
1490732
1491106
1491229
1491489
1491747
1491789
1492014
1492501
1492614
1492640
1492675
1492692
1492845
1493262
1493286
1493452
1493527
1494064
1494570
1494644
1494762
1494770
1494833
1495012
1495051
1495230
1495242
1495410
1495484
1495496
1495935
1496049
1496163
1496215
1496331
1496352
1496471
1496587
1496651
1496768
1496880
1497744
1498024
1498062
1498169
1498223
1498337
1498807
1498841
1499075
1499454
1499594
1499697
1499752
1499961
1500216
1500454
1500627
1501118
1501228
1501292
1501508
1501775
1501971
1501972
1502253
1502804
1502847
1503687
1503752
1504018
1504589
1504662
1504757
1504915
1505209
1505298
1505410
1505898
1506180
1506355
1506437
1506764
1507045
1507265
1507517
1507668
1507684
1507847
1508299
1508355
1508632
1508746
1509018
1509285
1509286
1509524
1509703
1509821
1510273
1510500
1510932
1510992
1511061
1511308
1511880
1512308
1512346
1512459
1512528
1512667
1512719
1513050
1513185
1513315
1513534
1514028
1514085
1514232
1514365
1514868
1515118
1515300
1515342
1515614
1515633
1515683
1515854
1516261
1516617
1516635
1516636
1516642
1516647
1516709
1516879
1516882
1517088
1517194
1517312
1517318
1517511
1517622
1517902
1517916
1518060
1518182
1518216
1518437
1518762
1518786
1518931
1519101
1519210
1519420
1519450
1519488
1519840
1520001
1520481
1520719
1520864
1521047
1521163
1521273
1521497
1521625
1521626
1521628
1521665
1521716
1522008
1522587
1522598
1523153
1523273
1523288
1523336
1523347
1523405
1523963
1524100
1524723
1525142
1525566
1525658
1525689
1526145
1526173
1526206
1526254
1526379
1526393
1526441
1526757
1526779
1526790
1527072
1527122
1527172
1527242
1527371
1528353
1528571
1528776
1528783
1528964
1529194
1529742
1529947
1530119
1530122
1530146
1531346
1531352
1531598
1531990
1532086
1532173
1532474
1532495
1532751
1533172
1533256
1533302
1533311
1533568
1533680
1533709
1533771
1533780
1533791
1534070
1534405
1534435
1534525
1534765
1534890
1534965
1535205
1535871
1536163
1536292
1536490
1536826
1537303
1537553
1537716
1538192
1538204
1538759
1539136
1539307
1539421
1539686
1539907
1540093
1540310
1540520
1540534
1540638
1540673
1540817
1541214
1541315
1541402
1541567
1541584
1541683
1541837
1541870
1542220
1542507
1542667
1542717
1542832
1542855
1543463
1543630
1543741
1543803
1543819
1543979
1544009
1544429
1544472
1544496
1544970
1544982
1545582
1545644
1545719
1546008
1546108
1546135
1546195
1546242
1546378
1546380
1546712
1546893
1546970
1547569
1547701
1547813
1547840
1548190
1548510
1548536
1548947
1548968
1549152
1549260
1549574
1549576
1550003
1550086
1550327
1550625
1550710
1550853
1551432
1551935
1552186
1552197
1552256
1552604
1552687
1552735
1552834
1552845
1552870
1553809
1554634
1554649
1555165
1555467
1555499
1555722
1556306
1556595
1556713
1557089
1557440
1557480
1557740
1557905
1557937
1558238
1558318
1558877
1558908
1559091
1559335
1559346
1559547
1559711
1559712
1560011
1560086
1560390
1560451
1560634
1560710
1561018
1561473
1561683
1561685
1561952
1562109
1562433
1562632
1562903
1563118
1563722
1564955
1564985
1565026
1565176
1565207
1565409
1565450
1565854
1566062
1566065
1566083
1566205
1566282
1566413
1566687
1566855
1566906
1567579
1567601
1567710
1567720
1567850
1567866
1568204
1568314
1568607
1568760
1569053
1569755
1569927
1570811
1570941
1571494
1571722
1571821
1572374
1572419
1572561
1572803
1573037
1573241
1573290
1573648
1573780
1573810
1574060
1574452
1574595
1576087
1576452
1576797
1577144
1577502
1577571
1578050
1578398
1578436
1579224
1579226
1579325
1579484
1579487
1579515
1579584
1579945
1580053
1580234
1580235
1580269
1580305
1580324
1581164
1581245
1581364
1581531
1581707
1581822
1582211
1582308
1582314
1582349
1582403
1582508
1583317
1583333
1583345
1583835
1583970
1584095
1584360
1584769
1584924
1585112
1585184
1585562
1585817
1585818
1586104
1586900
1586929
1587113
1587314
1587316
1587354
1587405
1587857
1588070
1588451
1588641
1588646
1588740
1588789
1588863
1589248
1589397
1589543
1589640
1589664
1590070
1590124
1590321
1590368
1590455
1590488
1590590
1590763
1590878
1591023
1591074
1591139
1591175
1591187
1591271
1591612
1591794
1591873
1592061
1592096
1592468
1592967
1593387
1593603
1594193
1594380
1594471
1594606
1594926
1595106
1595107
1595666
1595728
1596472
1596541
1596557
1596706
1596946
1596971
1597033
1597245
1597319
1597527
1597539
1597983
1598193
1598314
1598340
1598426
1598471
1598531
1599342
1599560
1599858
1599931
1600472
1600710
1600796
1601078
1601103
1601139
1601165
1601275
1601665
1601870
1601970
1602636
1602673
1602884
1603318
1603525
1603950
1604488
1604546
1604739
1604875
1605080
1605244
1605276
1605385
1605543
1605661
1606156
1606175
1606682
1607078
1607105
1607265
1607391
1607403
1607413
1607579
1607660
1608048
1608121
1608163
1608374
1608493
1608541
1608782
1608789
1609297
1609343
1609451
1609560
1609654
1609713
1609944
1609958
1609968
1610037
1610155
1610158
1610739
1610790
1611020
1611228
1611247
1611269
1611531
1611600
1611687
1611769
1612094
1612109
1612153
1612543
1613992
1614144
1614225
1614280
1614446
1614517
1614606
1614762
1614817
1615019
1615048
1615358
1615388
1615698
1616036
1616106
1616192
1616444
1616784
1616896
1617193
1617213
1617279
1617317
1617395
1618656
1618971
1619039
1619335
1619358
1619544
1620082
1620200
1620582
1620613
1620808
1620999
1621017
1621117
1621512
1621708
1621866
1621979
1622698
1622874
1623034
1623234
1623320
1623597
1623686
1624226
1624430
1624461
1624744
1624765
1624924
1625352
1625611
1625660
1626310
1626337
1626478
1627669
1627707
1627814
1627848
1628056
1628075
1628110
1628153
1628208
1628212
1628459
1628564
1628875
1629062
1629560
1629562
1629876
1630086
1630196
1630337
1630477
1630646
1630884
1631084
1631089
1631111
1631509
1631519
1631624
1632046
1632211
1632308
1632434
1632833
1632878
1633155
1633287
1633601
1633665
1633675
1633725
1634114
1634192
1634851
1635453
1635477
1635892
1636085
1636153
1636182
1636187
1636513
1636652
1636798
1636811
1636897
1637449
1637726
1637787
1637896
1637989
1638163
1638193
1638209
1638342
1638585
1638624
1638654
1638741
1639030
1639140
1639377
1639589
1639739
1639791
1639963
1640408
1640519
1640764
1640827
1641307
1641527
1641626
1642072
1642264
1642412
1642425
1642497
1642628
1642767
1643107
1643160
1643268
1643320
1643721
1644160
1644193
1644273
1644327
1644336
1644771
1644890
1645156
1645351
1645472
1645642
1645732
1645789
1645805
1645818
1646345
1646375
1646618
1646631
1647457
1647521
1647973
1648223
1648425
1649332
1649472
1649513
1650004
1650450
1650527
1650575
1650930
1651048
1651327
1651713
1651918
1651935
1652090
1652187
1652319
1652382
1652729
1652869
1652961
1653062
1653129
1653306
1653379
1653560
1653941
1653955
1654004
1654253
1654358
1654446
1654562
1654930
1654948
1656136
1656380
1656522
1656873
1656913
1657009
1657397
1657489
1657668
1657707
1657994
1658040
1658116
1658184
1658566
1659342
1659929
1660126
1660227
1660373
1660722
1660782
1660884
1661162
1661330
1661505
1661951
1662254
1662303
1663148
1663212
1663301
1663322
1663787
1663873
1663987
1664056
1664080
1664212
1664506
1664538
1664599
1665363
1665385
1665450
1665782
1665905
1665978
1666176
1666907
1667042
1667345
1667450
1667590
1667671
1667709
1668180
1668193
1668577
1668602
1668701
1668977
1669013
1669439
1670111
1670281
1670753
1670831
1670952
1671079
1671358
1671944
1672030
1672089
1672297
1672716
1673319
1673563
1673671
1673808
1674275
1674300
1674384
1674438
1674481
1674515
1675165
1675226
1675273
1675326
1675623
1675959
1676266
1676273
1676397
1676491
1676576
1676605
1677753
1678174
1678234
1678429
1678563
1678774
1678910
1679007
1679375
1679934
1680297
1680794
1681433
1681521
1681691
1681701
1682480
1682482
1682607
1682728
1682903
1682912
1682923
1682965
1682976
1683014
1683014
1683663
1684177
1684774
1685105
1685177
1685187
1685401
1685523
1685864
1686032
1686099
1686243
1686282
1686512
1686620
1687000
1687013
1687381
1687407
1687601
1687619
1688596
1688738
1688950
1688985
1689252
1689358
1690062
1690158
1690958
1690962
1691051
1691216
1691498
1691590
1691621
1691815
1691939
1691991
1692117
1692519
1692620
1692753
1693409
1693516
1693559
1693925
1694994
1695129
1695144
1695310
1695399
1695572
1695595
1695790
1695793
1696000
1696125
1696213
1696243
1696399
1696650
1696889
1696924
1696968
1697104
1697111
1697158
1697270
1697310
1697816
1698134
1698409
1698746
1698771
1698939
1699010
1699043
1699220
1699424
1699425
1699725
1699751
1699854
1699865
1699971
1700204
1700665
1701169
1701178
1701252
1701273
1701422
1701786
1701880
1701964
1702065
1702169
1702226
1702261
1702317
1702514
1702532
1702637
1702706
1702820
1702917
1703052
1703070
1703375
1703432
1703488
1703786
1704208
1704627
1705170
1705339
1705605
1705715
1706215
1706307
1706632
1706805
1707191
1707203
1707310
1707360
1707487
1707565
1708063
1708418
1708697
1708960
1709008
1709047
1709149
1709435
1709847
1710467
1710663
1710792
1711276
1711330
1711494
1711509
1712184
1712360
1712442
1712559
1712662
1712682
1712873
1712915
1713202
1713312
1713581
1713585
1713756
1713787
1713986
1714127
1714363
1714381
1714421
1715385
1716060
1716076
1716291
1716377
1716649
1716847
1717112
1717242
1717272
1717453
1717551
1717827
1718018
1718258
1718311
1718824
1719440
1719685
1719976
1720061
1720083
1720373
1720542
1721022
1721093
1721638
1722085
1722160
1722231
1722616
1722745
1722862
1722901
1723386
1723691
1723733
1723766
1723853
1724257
1724275
1724364
1724552
1724614
1724986
1725272
1725690
1726115
1726237
1726374
1726596
1726687
1726752
1726783
1727092
1727499
1727962
1728209
1728801
1728866
1729032
1729338
1729464
1729490
1729492
1729542
1729610
1729638
1729872
1729979
1730259
1730309
1730552
1730568
1731350
1731490
1732467
1733053
1733137
1733199
1733538
1733679
1733890
1735109
1735239
1735285
1735293
1735339
1735428
1735730
1735909
1735981
1736030
1736068
1736190
1736236
1736282
1736373
1736497
1737031
1737089
1737323
1737487
1738424
1738461
1738544
1738841
1739396
1739550
1739835
1740054
1740169
1740178
1741038
1741116
1741200
1741268
1741373
1741483
1741505
1741822
1742616
1742711
1743063
1743653
1743921
1744102
1744546
1744803
1744855
1744870
1745061
1745245
1745317
1745360
1745419
1745749
1745876
1745979
1746118
1746313
1746490
1746743
1746778
1746815
1746874
1747063
1747381
1747598
1747700
1747798
1747930
1748624
1749046
1749467
1749931
1750636
1750657
1750699
1750761
1750804
1750830
1751488
1751535
1751724
1752081
1752372
1752384
1752456
1752494
1752517
1753199
1753373
1753512
1753685
1754125
1754368
1754413
1754945
1755000
1755177
1755631
1755815
1756343
1756488
1756789
1756871
1756963
1756973
1757005
1757244
1757515
1757589
1757799
1757829
1758268
1758552
1758561
1758807
1758923
1759233
1759324
1759479
1759604
1759683
1759757
1759782
1759951
1760013
1760256
1760658
1760891
1760913
1761002
1761072
1761162
1761258
1761326
1761546
1761668
1761860
1762338
1762369
1762892
1763366
1763372
1763990
1764042
1764207
1764353
1764698
1764720
1764822
1764947
1765020
1765024
1765033
1765171
1765456
1765772
1765966
1765994
1766051
1766241
1766442
1767021
1767069
1767334
1767351
1767424
1767665
1767950
1768087
1768099
1768283
1768402
1768485
1768560
1768656
1768836
1769065
1769196
1769204
1769274
1769688
1769811
1770035
1770118
1770175
1770599
1770771
1771080
1771544
1771588
1771626
1771713
1771745
1771894
1772131
1772547
1772550
1772609
1772691
1772701
1772891
1773677
1774360
1774391
1774631
1774752
1774754
1774972
1775160
1775190
1775330
1775617
1775655
1775707
1775906
1775942
1776005
1776123
1776495
1776809
1777250
1777386
1778108
1778138
1778213
1778425
1778599
1778732
1778945
1779446
1779647
1779770
1779817
1780064
1780362
1780371
1780481
1780726
1780856
1781091
1781301
1781359
1781910
1782026
1782175
1782284
1782891
1782919
1782957
1783531
1783640
1783843
1783981
1784011
1784052
1785203
1785336
1785498
1785614
1785672
1785882
1785938
1786019
1786273
1786389
1786915
1787088
1787135
1787165
1787180
1787271
1787775
1787814
1787815
1788069
1788188
1788210
1788360
1789390
1789478
1789567
1789617
1789692
1790031
1790402
1790599
1790874
1790935
1791019
1791333
1791345
1791436
1791905
1792001
1792588
1792839
1792957
1793159
1793283
1793515
1794423
1794861
1794949
1795007
1795267
1795674
1795720
1796002
1796036
1796111
1796150
1796228
1797417
1797623
1797730
1797849
1797966
1798032
1798135
1798351
1798505
1798643
1798652
1798673
1798918
1798943
1799165
1799262
1799296
1799415
1799564
1799673
1799682
1799711
1800439
1800527
1800626
1800960
1800993
1801011
1801017
1801119
1801369
1801680
1801849
1802305
1802449
1802469
1802673
1802764
1802980
1803114
1803153
1803207
1803581
1803600
1803670
1803726
1803728
1804042
1804132
1804268
1804701
1804837
1804921
1805014
1805244
1805334
1805584
1805725
1805883
1805986
1806110
1806900
1807460
1807587
1807822
1807841
1807942
1808158
1808322
1808501
1808747
1808817
1809673
1809834
1810244
1810860
1810892
1811342
1811457
1811510
1811541
1811765
1812040
1812211
1812253
1812329
1812479
1812632
1812854
1812949
1812993
1813034
1813043
1813059
1813072
1813491
1813564
1813660
1813748
1813774
1813947
1814251
1814292
1814549
1814648
1814889
1815116
1815179
1815782
1815998
1816052
1816107
1816425
1816510
1816756
1816848
1817105
1817531
1817613
1818027
1818140
1818199
1818259
1818434
1818713
1818940
1819084
1819259
1819325
1819648
1819716
1821243
1821342
1821481
1821509
1821556
1821569
1821596
1821831
1821914
1822102
1822120
1822624
1822933
1823268
1823461
1823601
1823609
1823688
1823866
1823883
1823991
1824142
1824186
1824273
1824368
1824441
1824579
1824660
1824961
1825184
1825649
1825690
1825897
1826328
1826358
1826565
1827023
1827754
1827846
1827866
1828024
1828044
1828142
1828345
1828833
1828873
1829052
1829117
1829763
1829945
1830093
1830316
1830387
1831136
1831661
1831852
1832377
1832554
1832876
1832904
1833099
1833505
1833668
1833678
1833985
1834272
1834404
1834430
1834775
1834803
1834961
1834976
1835129
1835436
1835545
1835554
1835668
1835704
1836530
1836812
1836951
1837285
1837362
1837431
1837598
1837731
1838026
1838137
1838181
1838246
1838464
1838642
1838681
1838774
1838876
1838901
1839092
1839111
1840229
1840308
1840617
1841558
1841670
1841672
1841791
1841833
1842291
1842561
1842589
1842737
1842748
1843084
1843530
1843568
1843810
1844273
1844468
1844513
1844687
1844769
1844832
1845327
1845343
1845577
1845613
1845847
1846165
1846340
1846443
1846550
1846616
1846658
1846811
1847208
1847376
1847539
1847703
1848080
1848231
1848301
1849237
1849356
1849570
1850597
1850838
1850846
1850950
1851065
1851760
1851883
1852091
1852355
1852428
1852649
1852695
1853026
1853235
1853252
1853383
1853410
1853623
1853696
1853775
1854033
1854126
1854197
1854203
1854383
1854445
1854642
1855051
1855143
1855637
1855645
1855984
1856074
1856193
1856532
1856709
1857086
1857450
1857691
1857812
1857945
1858387
1858420
1858836
1859519
1859557
1859651
1859982
1859983
1860356
1860572
1860739
1860790
1860813
1860929
1860951
1860981
1861604
1861856
1861902
1862220
1862304
1862379
1862454
1862570
1862671
1862973
1862980
1863097
1863304
1863919
1864004
1864030
1864090
1864172
1864331
1864377
1864379
1864533
1864599
1864630
1864870
1864888
1865088
1865294
1865877
1865887
1865891
1866017
1866096
1866142
1866544
1866784
1867087
1867096
1867317
1867617
1868068
1868526
1868595
1868689
1869150
1869779
1869959
1869972
1869998
1870161
1870326
1870545
1870595
1870846
1870918
1871037
1872099
1872357
1872412
1872423
1872488
1872620
1872705
1873317
1873790
1874031
1874234
1874261
1874396
1874400
1874453
1874544
1875080
1875107
1875287
1875432
1875625
1875676
1876003
1876068
1876119
1876223
1876272
1876550
1877067
1877360
1877433
1877615
1877794
1877814
1877824
1877964
1878280
1878405
1878497
1878970
1879284
1879377
1879391
1879521
1879571
1879658
1880038
1880275
1880558
1880856
1880877
1880923
1880980
1881029
1881274
1881415
1881526
1881721
1881892
1881907
1882145
1882220
1882240
1882391
1882430
1882549
1882738
1882997
1883800
1883822
1883954
1884212
1884830
1884833
1884849
1884853
1885157
1885181
1885583
1885602
1886968
1887004
1887209
1887310
1887311
1887552
1887626
1887651
1887791
1887918
1887957
1888216
1889241
1889641
1889872
1889903
1889917
1890091
1890686
1890695
1891283
1891905
1891922
1892291
1892395
1892537
1892553
1892616
1892914
1893020
1893042
1893563
1893698
1894073
1894132
1894364
1894625
1894868
1895125
1895309
1895460
1895599
1895626
1895795
1895886
1895953
1896160
1896347
1896379
1896438
1896755
1896943
1897081
1897694
1898349
1898675
1898756
1898769
1899608
1899812
1899866
1900049
1900489
1900492
1901169
1901852
1902044
1902071
1902116
1902612
1902617
1902861
1903030
1903320
1903328
1903393
1903484
1903520
1903562
1904650
1904818
1905266
1905374
1905531
1905675
1905834
1905933
1905970
1906166
1906300
1906309
1906460
1906725
1907179
1907239
1907581
1907599
1907950
1908056
1908169
1908202
1908240
1908289
1908356
1908671
1909125
1909282
1909480
1909497
1909931
1910009
1910096
1910456
1910748
1910822
1911066
1911505
1912160
1912366
1912523
1912648
1913102
1913188
1913322
1913480
1913566
1913745
1913856
1913928
1913989
1914434
1914641
1914935
1915478
1915494
1915875
1915974
1915997
1916482
1916628
1916796
1917349
1917479
1917841
1917870
1917956
1917984
1918025
1918126
1918268
1918624
1919039
1919124
1919229
1919488
1920026
1920140
1920431
1920443
1920512
1920607
1920725
1920759
1920775
1920878
1920915
1920958
1921049
1921516
1921706
1922180
1922292
1922299
1922416
1922453
1922459
1922587
1922624
1922716
1923025
1923405
1923808
1924063
1924612
1924620
1924717
1924798
1924879
1925616
1925709
1926060
1926069
1926187
1926212
1926263
1926353
1926387
1926689
1927053
1927320
1927401
1928000
1928095
1928298
1928423
1928472
1928634
1928949
1928980
1929166
1929373
1929411
1929433
1929597
1929730
1929801
1929844
1930016
1931149
1931195
1931209
1931329
1931680
1932041
1932342
1932490
1932719
1933059
1933177
1933265
1933314
1933340
1933369
1933754
1934874
1935084
1935109
1935633
1935827
1936279
1936444
1936464
1936862
1936948
1937553
1937981
1938056
1938350
1938366
1938392
1938532
1939397
1939448
1939538
1939954
1940071
1940608
1940779
1940956
1940970
1941452
1941572
1941735
1941802
1941980
1942192
1942400
1942481
1942481
1942741
1942923
1943261
1943420
1943916
1943916
1943946
1944164
1944523
1944695
1944761
1945397
1945473
1945531
1945944
1946139
1946153
1946160
1946525
1946797
1947028
1947322
1947467
1947541
1947631
1947760
1947878
1948297
1948460
1948490
1948575
1948593
1948842
1948898
1948963
1949238
1949340
1949700
1949800
1950322
1950355
1950480
1950565
1950609
1950790
1950791
1951032
1951064
1951412
1951519
1951585
1951642
1951650
1951818
1951830
1951831
1952036
1952324
1952397
1952747
1952841
1952883
1953295
1953359
1953547
1953752
1953770
1953775
1953785
1953850
1953942
1954482
1954934
1954949
1954980
1955329
1955350
1955373
1955482
1955971
1956027
1956379
1956904
1956992
1957067
1957266
1957299
1957441
1957531
1957597
1958192
1958193
1958285
1958471
1958681
1959186
1959343
1959706
1959924
1960374
1960925
1961111
1961182
1962028
1962063
1962506
1963119
1963120
1963385
1963412
1963753
1964279
1964426
1964768
1964962
1964964
1965013
1965435
1965720
1965972
1966034
1966099
1966166
1966281
1966702
1967050
1967074
1967130
1967313
1968012
1968059
1968137
1968378
1968396
1968421
1968499
1968546
1968790
1969009
1969362
1969436
1969693
1969711
1969940
1970090
1970092
1970155
1970692
1970752
1970861
1971083
1971138
1971385
1971449
1971604
1971788
1971861
1971913
1972230
1972337
1973057
1973255
1973276
1973403
1973775
1973852
1973866
1974005
1974197
1974238
1974511
1974682
1974763
1974891
1975000
1975074
1975855
1976182
1976567
1976862
1976910
1977203
1977664
1977906
1977980
1978241
1978288
1978346
1978795
1978930
1979160
1979308
1979330
1980597
1980739
1980886
1980981
1981230
1981487
1981535
1981761
1981948
1982391
1982777
1983048
1983061
1983100
1983915
1984295
1984460
1984619
1985156
1985462
1985519
1985547
1986214
1986233
1986492
1986556
1986600
1986612
1986690
1987052
1987300
1987431
1987514
1987790
1988258
1988293
1989097
1989459
1989685
1990209
1990423
1990542
1990755
1990769
1991003
1991119
1991506
1991589
1992000
1992043
1992143
1992560
1992837
1992917
1993138
1993152
1993548
1993753
1993924
1994038
1994283
1994709
1994726
1994905
1994934
1995009
1995640
1995706
1995927
1996061
1996170
1996341
1996865
1996965
1997079
1997131
1997232
1997338
1997766
1998265
1998790
1999256
1999874
1999906
1999961
