4298
7345
15663
17774
25827
30724
36919
37021
38075
38836
46605
59082
59165
59373
65321
65664
66587
69449
72307
78412
84310
88518
92312
101069
104603
107482
113583
123077
123382
125731
127090
132783
134399
139336
142744
154352
157461
163299
166463
172158
173174
182677
192103
192362
192822
192959
197656
203143
219818
219885
234021
240335
245749
260898
267699
269145
278248
282959
285096
289604
295924
296111
305539
307373
310853
313018
320232
323225
326965
331274
331658
337253
343930
357049
359414
369377
370096
375666
380328
385418
385658
388860
390313
391574
393422
393922
394440
398160
403286
410061
410475
416224
419465
423252
431701
432081
440653
442946
459839
462087
464223
473992
488233
491082
491195
491495
493261
493606
496183
499855
500324
502395
503691
508820
512820
518496
522205
529952
538887
539364
540975
554013
558008
564605
566735
573034
574067
576770
615832
616802
618317
624205
641722
646257
649085
658268
662232
664729
665084
667011
669310
670040
672079
675751
676232
679727
685534
689530
689639
693215
697727
699467
702033
712942
714562
716752
717292
717521
736617
740564
742077
755834
757877
760929
772599
773555
776957
778785
779985
786344
788255
789705
798758
799256
799549
799980
802647
805754
807332
810684
812305
815750
823243
827597
827863
830225
831830
834143
835557
842005
843523
844034
844877
845854
847002
850323
856648
860831
865922
868006
868997
869454
878320
883001
884984
888043
888161
893322
899508
902545
903114
914364
915700
917013
919435
920949
923075
925286
928661
931172
941418
941641
942956
948950
950104
950404
950802
955963
957285
959799
961926
963995
971684
972684
974139
977128
979145
979339
982398
982777
983610
992757
1000223
1002132
1008509
1010595
1011055
1011173
1013239
1017148
1018226
1024215
1027454
1029760
1031285
1044941
1045450
1054608
1060845
1062253
1063178
1064915
1066333
1068168
1070489
1072244
1073164
1075667
1079869
1089647
1091507
1096163
1101092
1101238
1106929
1107576
1110130
1113768
1116296
1117961
1128259
1132386
1132706
1135638
1136536
1138137
1143767
1146375
1147738
1148390
1151785
1156271
1166361
1179181
1180097
1185113
1187235
1190593
1199974
1200294
1205528
1209240
1212340
1217508
1221404
1225107
1225433
1226056
1233065
1233870
1245424
1247079
1249375
1254936
1257991
1264296
1264915
1276638
1284906
1285003
1287637
1289996
1297567
1297824
1298292
1299749
1303614
1303630
1307316
1309766
1337027
1341022
1345816
1346439
1350072
1352343
1352919
1386792
1390711
1392678
1398191
1402861
1403880
1404280
1408972
1410199
1422513
1432885
1433041
1436679
1437598
1449890
1451594
1466528
1466772
1469621
1473644
1474825
1487870
1489955
1490346
1498112
1498843
1500697
1502347
1504598
1506834
1511476
1518445
1521811
1525832
1527916
1532091
1534928
1536239
1537869
1538244
1545265
1556909
1560534
1573451
1575670
1576577
1579597
1580608
1597646
1598291
1600947
1601045
1601741
1602450
1605848
1606404
1607501
1608223
1609081
1612170
1615939
1619916
1622655
1642239
1642782
1643306
1645591
1647633
1650030
1650096
1650981
1653571
1660182
1664097
1664620
1666702
1669473
1674931
1675302
1675701
1680246
1682150
1692243
1695573
1698814
1704279
1707437
1709569
1715282
1721011
1722871
1726076
1730885
1732263
1733447
1735011
1741808
1748871
1753213
1755066
1755480
1756093
1757648
1766901
1769079
1769343
1770229
1779243
1785195
1786604
1788271
1793005
1796105
1800926
1802911
1803808
1805774
1809567
1809819
1812510
1813989
1816185
1822948
1823419
1824119
1832249
1833107
1836336
1839147
1839542
1846858
1847645
1847825
1850539
1851144
1852882
1862480
1865805
1866036
1866553
1870156
1880317
1882214
1889083
1890827
1892209
1909564
1910823
1927934
1940339
1949042
1951112
1957054
1960654
1972326
1972604
1974165
1974428
1977174
1980729
1983354
1989186
1993505
