339
460
591
612
643
674
908
1505
2494
2714
2859
4184
4450
4924
4945
5519
6018
6676
7992
8288
9578
10077
11482
11845
12442
12447
12576
13798
13810
16050
16069
16367
16437
16603
16616
17248
17365
17665
17944
18169
18272
18934
19446
19576
19674
19692
20143
20292
20463
20907
21243
21387
21574
21654
21826
22282
22780
22931
22940
23013
23177
23765
24359
24417
24428
25046
25288
25428
25549
25777
25790
26211
26645
26718
26781
26990
28257
30330
31656
31897
31926
32157
32659
34920
35197
35540
35863
35920
35926
36100
36261
36424
36717
37474
37839
38830
39093
39131
39397
41041
41227
42999
43478
43664
43704
44105
44346
44873
45139
46119
46315
46746
47054
47086
47257
47596
47897
47975
48445
49160
49456
49782
49974
50300
50342
50412
50550
50650
50968
51401
51429
51742
51748
52971
53051
53663
54700
54793
54856
55842
56191
56558
56960
57109
57403
58024
58129
58245
58642
58921
59121
59364
59956
61475
62003
62802
63331
64040
64083
64690
65217
65221
65488
65616
65675
65818
66241
66993
67133
67457
67836
68081
69542
69927
70843
70910
70949
70997
71036
71133
71202
71330
71968
71987
72108
72165
72550
72806
72936
73070
73075
73173
74044
75169
75546
75780
75884
76732
77929
78046
78769
79112
79216
79342
79356
79836
80061
80206
80462
80648
80960
81028
81062
81810
81883
82121
82200
83056
83920
83931
84138
84613
85224
85620
85857
87153
88010
88857
88995
89140
89268
89332
90011
90193
90194
90223
90405
90800
92623
93092
93776
93908
94034
95704
96465
97384
97461
97671
97944
98517
98643
98691
99411
99568
99759
99773
99849
99869
99907
101014
101263
101660
101756
101899
102598
102662
103504
104347
104359
104812
105143
105724
106017
106387
106596
107012
107189
107196
107213
107288
108227
108262
108663
109170
109426
109608
109655
110378
111755
112439
113525
113739
114427
114742
115554
116177
116321
116599
117118
117306
117456
117461
117555
117585
117780
118283
118386
118553
118825
119178
119918
121164
121201
121220
121867
122013
122497
122756
123280
123393
123404
123433
123563
124057
125049
125628
126455
126832
127059
127132
127441
127717
128476
128559
128718
129434
129582
130054
130203
130981
131666
132254
132897
132918
133281
133794
134191
134244
134763
135765
135925
136520
136524
136555
136892
137410
137475
137775
138059
138225
138620
139026
139638
139994
140502
140642
140645
140806
141388
141464
142046
142393
142424
142731
143149
143342
144650
145210
145419
145879
146147
146530
147515
147729
148308
148332
148507
148622
148989
149177
149874
150028
150103
150146
150152
150688
150926
151063
151089
151443
152946
153181
153857
153936
154053
154658
154738
154870
154926
155072
155372
155803
156580
157101
158746
158891
159290
159814
159975
160212
160434
161179
161883
161918
161958
162664
162747
162815
162915
163081
163382
163779
163879
163975
164084
164356
164542
164806
165646
165710
166040
166546
166611
166620
166632
166643
166715
167925
168756
169085
169253
169819
170035
170730
171045
171198
171296
171810
171829
171973
171994
172211
172402
172538
174748
174867
174980
175030
175342
175464
176343
177250
177470
177505
177513
177610
177665
177688
178226
178345
178739
178860
179075
179541
180105
180562
180884
181146
181581
182091
182184
183259
183742
183838
184187
184593
185177
185722
186027
186593
186856
187143
188247
189138
189532
189656
189959
190488
190562
191599
192627
193306
193385
193936
194797
195510
195578
195875
195882
197482
198140
198169
198227
199469
199664
199733
199896
200634
200702
201000
201373
201530
201588
202212
202717
202897
203588
203616
204052
204198
204457
205683
206535
206557
206824
207572
207718
207955
208450
209184
209965
210232
210478
211116
211843
212302
213567
213759
214432
214637
214655
215292
215375
215512
215807
217125
217419
217623
217624
218012
218533
218687
219473
219534
219892
219956
220901
220907
220971
221449
222288
222331
222491
222747
223081
223479
223590
223764
223805
223878
223929
224784
225021
225066
225164
225569
226153
226863
227050
227291
227383
228310
229756
229820
229944
230430
230520
231162
231684
231830
231868
232898
233174
233334
233675
233999
234529
234713
234722
235109
235239
235576
236645
236877
237347
238315
238445
238822
239423
239446
239452
239820
240152
240600
240780
241414
241842
241983
243200
243396
243401
243690
244149
244371
245556
245573
245916
246643
246685
246750
246788
246814
246901
247107
248083
248238
248420
250109
251195
252018
252321
252334
252380
252583
252821
253378
254466
254825
254891
254962
255619
256199
257164
257165
258407
258545
258950
259003
260452
260674
261222
261331
261831
261856
262217
262471
262740
263570
263671
264679
265431
265778
266980
267067
267201
267320
267385
267420
268025
269323
269614
269911
270036
270203
270305
270396
270813
271154
271826
272360
272388
272553
272957
272958
273602
273948
274108
274649
275208
276404
276805
276991
277655
278088
278142
278566
278741
279610
280347
280666
281433
281518
281922
283395
283416
283978
285816
286129
286163
286404
286423
286549
286875
286976
287522
287713
288406
288433
288493
288501
288552
289264
289943
290576
291233
291249
291312
292206
292462
292761
292794
293067
293271
293321
293812
294263
294848
294906
295158
295809
295948
297243
297712
297823
297836
298310
298453
298815
299068
299215
299991
300769
300859
301094
301124
303095
303898
304085
305475
305764
307122
307206
307687
307958
308202
308575
309213
310539
311543
311748
311808
313041
313580
313848
313920
313949
314023
314226
314592
315110
316074
316966
318394
318550
318708
318766
319740
320043
320272
320375
320402
320844
321252
322228
322527
322665
323029
323149
323329
323374
323403
324606
324646
325468
326500
326555
326726
326821
327285
327638
329385
329677
330980
331962
332108
332163
332943
333679
333816
333969
334337
336413
336437
336462
337239
337367
337531
337535
338723
338886
339801
339818
339931
340004
340972
341290
341499
341778
342350
342517
342801
343852
344354
344452
345084
345249
345638
346030
346041
346613
347054
347148
348911
348982
349228
349293
349527
349981
350393
351083
351768
353157
353196
353509
353890
354239
354350
354553
354960
355288
355815
356011
356890
357613
357941
358101
358405
358550
358614
359174
359290
359338
359615
359858
359893
360278
360326
360497
360847
361134
361471
361503
363318
363579
363979
364253
364510
364877
366432
366570
366829
367061
367605
367841
369462
370502
370678
370947
372318
372575
372994
373118
373890
374467
375872
377000
377024
377227
377424
377498
377969
377971
378178
378355
378423
378920
378940
379243
379524
379621
379861
380327
380874
382380
382556
383871
383882
384015
384095
384533
384657
384903
385386
386085
386344
387201
388344
389045
389137
389167
389363
389390
389447
389563
390174
391600
391733
391795
391998
392614
392974
393053
393632
393913
394060
394242
394642
394746
395125
395456
395774
395802
395827
396398
397046
397232
399041
399742
400206
400465
400753
401513
401868
402269
403284
403968
404044
404209
404461
405087
405925
406248
406473
407659
408232
408701
408847
409145
409447
409647
410220
410522
410566
411208
411375
412506
412882
413759
413947
413972
414124
414184
414633
414684
414707
414717
416236
416973
417259
417508
417573
417735
418683
418696
418978
419422
419681
419764
420088
420207
420631
420733
421643
422129
422665
422863
423038
423276
424424
425207
425809
426031
426262
426482
426809
426937
427508
427618
427737
429011
429589
429995
430483
431463
431530
431703
433430
433535
433897
434263
435156
435182
435689
435881
436146
436321
436461
436481
436565
436673
436762
436811
438386
438458
438476
439227
439426
440206
440303
440983
441483
441709
441718
441860
441883
441910
442087
442202
442211
442674
443645
444519
444546
444550
445393
445527
445680
446128
446172
446326
446438
446457
446915
447358
447582
448114
448143
448343
449071
449149
449435
449732
449809
449816
449926
450189
450197
450408
450545
450889
451133
451231
451914
452417
452506
452576
452902
452968
453093
453156
454196
454343
454462
454903
454912
455283
455446
455651
456829
456959
457311
457395
458168
458528
458697
458783
459095
459261
459292
459364
459532
459605
459965
461528
461790
461844
462286
462294
462984
463454
463528
463613
463885
463912
466082
466275
466457
467136
467151
467629
468517
468770
468865
469063
469350
469512
469734
469908
470209
470213
470283
470566
470605
470729
470960
471745
471750
472493
473335
473602
474104
474312
474506
475140
475698
475779
475802
475815
475849
476356
476425
477079
477225
477925
478190
478308
478675
479329
479511
479936
479973
480886
481413
481620
481703
482049
482085
482502
482606
482642
482788
483139
483293
483564
483710
484022
484620
484681
484869
485022
485546
485597
485921
486002
486233
486415
486527
486554
486974
487155
487517
487531
488317
488482
488986
489391
489430
489744
489832
490374
490649
490708
490954
490957
491050
491114
491322
491762
491926
492164
492318
492562
493598
494034
494147
494175
494215
494506
494610
494824
495050
495166
496153
496240
496884
497138
497245
497815
498066
498689
498698
498803
499065
499861
500299
500829
500889
500895
501237
501488
501874
502579
502728
503957
503990
504649
505926
505928
505939
505973
506311
506361
506599
506688
507367
507875
508253
509285
509543
509948
511329
512076
512140
512329
512396
512648
513045
513111
513547
514072
514537
515128
516684
517003
518984
519105
519207
519854
520189
521575
521842
522403
522749
522757
523218
523904
524369
524506
524902
525470
525758
526746
526889
526985
527105
527128
527467
529069
529118
529256
529685
530037
530323
531244
531290
531345
531963
533101
533246
533505
533656
534226
534236
534608
534614
534687
535192
535389
535406
535525
535862
536117
536241
536521
537822
537877
537903
537976
538485
538915
539026
539172
539584
539933
540819
541490
541588
542032
543430
544561
544590
545182
545212
545590
547216
547441
547817
549334
550068
550103
550362
550384
551321
551427
551496
551722
551748
551766
552338
553138
554136
554253
554358
555726
556021
557223
557429
557784
557819
559160
559848
559884
560621
560647
560856
561114
561952
562016
562028
562771
562908
564623
564768
564877
564892
565175
565268
565998
568171
568173
568221
568829
568954
569278
569573
569844
570811
570840
570879
571552
571868
571953
572385
572451
572721
573102
573896
573994
574307
574429
575591
575957
576635
577288
577428
577555
578095
578250
579005
579100
579157
579218
579382
579749
579758
580828
581287
581323
581325
581473
582151
582520
582557
583749
583821
584952
585038
585071
585654
586572
586841
586987
587805
587977
588249
589132
589973
590534
590671
590966
591017
591105
591233
591355
591531
591735
591773
591854
591870
592194
592393
593215
594204
594892
595171
595192
595800
596489
597411
597739
597958
597999
598712
598912
599153
599784
599832
599956
600159
600627
600924
601138
601445
601501
601629
602642
602725
602729
602739
604304
604672
604695
604891
604984
605555
605705
605731
605841
606217
606591
607440
607730
607735
607937
608314
608358
608392
608506
608529
608572
608806
610318
610577
610923
611318
611479
611892
611898
612033
612181
612718
613194
613711
613944
614163
614832
615369
615613
615694
615843
616041
616623
617109
617261
617560
618055
618162
618848
619347
619653
620237
620857
622244
622952
623295
623773
623843
624209
624500
625870
626530
627411
627655
629630
629768
630164
630259
631039
631053
631414
632083
632291
632415
632769
635105
635800
636031
636632
636650
637037
637099
637345
638111
638411
638461
638579
638642
638800
639001
639195
639208
639304
639920
640352
640519
640997
641060
641112
641464
641562
641890
643419
643475
643486
643577
644932
645744
646015
646105
646412
646607
647683
647844
649352
649890
650036
650909
651283
651499
651801
652321
652334
652528
652582
652597
653012
653195
653348
653440
654161
654612
654874
656144
656317
656514
656626
656952
657114
657931
658098
658434
658679
658945
658974
659208
659344
659695
660123
660198
661196
661467
662031
662293
662369
662373
662677
662878
663044
663914
664155
664238
664473
664531
664859
664894
664898
665116
665723
665730
665734
665788
666112
666491
666671
667031
667287
667790
668036
668377
668635
669239
669539
669557
670007
671075
671196
672966
673587
673624
673869
673936
674817
675340
675449
675577
676069
676167
676370
676926
677096
677202
677415
678138
678269
678275
678406
679018
679522
679644
679896
680363
680385
680844
681687
682327
682495
682566
682626
682979
683040
683213
683683
684705
684768
686254
686466
686802
687636
687811
688029
688892
689868
690671
690801
690994
691308
691507
691523
691619
693056
693420
693957
694143
694568
694795
695764
695876
696128
696383
696972
697155
697362
698038
698202
700041
701008
701362
701394
701421
702682
702723
702801
703043
703664
703712
703957
704353
704974
705189
705801
705840
705862
706377
706599
708069
708685
708813
709241
710452
710750
711915
711917
712408
713939
714387
714716
715046
715325
716390
716556
716753
716947
717733
717883
717887
718064
718458
718786
719098
719949
720035
720312
720735
720751
721011
721525
721593
721995
722267
722374
722919
724362
724441
724624
725618
725821
726209
727538
727880
728014
728198
728398
728445
728598
728819
729598
730767
731531
731744
732094
732710
732760
733739
734156
734758
735240
735869
735901
735989
736696
736703
736802
736958
737636
737651
737859
738055
738762
739650
739669
740156
740537
740695
740844
741145
741389
741418
741491
741496
741624
741712
742764
743427
744717
745255
745309
746023
746138
746579
747288
748820
749132
749206
749746
749749
749763
749827
750135
750911
751060
751210
751221
751805
752177
752190
752235
752878
752893
752992
753184
753251
753401
753602
753992
754022
754402
754529
755004
755219
755286
755375
756220
756247
756435
756944
757048
757577
757788
758273
758684
760602
761322
762212
762822
763350
763883
764810
764883
765009
765226
765815
766535
766573
766704
766774
766852
767006
767446
767493
767618
767686
768338
769449
769589
769815
769994
770624
770892
771032
771354
771397
771456
771884
772011
772025
772038
772505
772636
773243
773354
773435
774113
774354
775319
776356
776535
777173
777454
777466
777659
777903
778588
778697
778726
779234
779331
779445
780236
780536
780592
780735
781713
781838
782108
783017
783159
783994
784273
784439
784629
784671
785122
785705
786217
786257
786642
786745
786762
786829
787371
788533
788798
789091
789113
790227
790370
790490
790720
790882
791001
791078
791702
792180
792332
792336
792667
793248
793431
793745
794476
794642
794925
795171
797002
797043
797213
797548
798180
798873
799395
799544
799564
800548
801032
801037
801046
802259
802299
802686
802894
803135
803358
803433
803504
804537
804956
805887
806242
806304
806516
806891
807210
807294
807593
807621
808769
808798
809598
810678
810849
811159
811792
811986
812261
813140
813511
813973
814771
815183
815684
815698
816652
816774
817019
817287
817442
818352
818624
819587
819823
819828
820315
820419
821027
821059
821256
821271
821285
821356
821636
821805
822180
822196
822622
822665
822837
823228
823579
823667
823674
825250
825325
825703
826570
826646
826647
826800
828562
829651
832416
834092
836235
836498
836757
837187
837239
837960
838051
838056
838072
838074
839134
839445
839813
840129
840204
840240
840304
840737
840828
841891
842194
842614
843484
843486
844201
844638
844764
845169
845654
846115
846240
846541
846693
847702
847992
848428
849160
850772
851130
851481
851911
852280
852508
853278
853748
854043
854128
854547
854699
854763
855388
855842
856036
856510
856742
856883
856887
857074
857320
857501
857695
858605
859091
859128
859450
859799
859930
860280
860341
860632
860768
860782
860886
861395
861493
861781
861811
861991
862223
863324
863808
863847
864290
864410
864503
864781
865021
865349
866018
866130
866396
866490
866657
867550
867647
867683
868036
868731
868800
869083
870656
870801
870995
871312
872306
873979
874191
874254
874497
874530
874918
876198
876826
877240
877291
877880
878232
878255
878498
879112
879261
879394
879958
880550
880636
881104
881426
881683
881800
882607
882912
883888
885024
886050
886100
886106
886170
886397
886541
886547
887552
889764
889876
890670
890930
891324
891628
891628
891842
892117
892185
892762
892932
893713
894363
895033
895871
895897
895944
895954
897283
897685
897738
898204
898482
898568
898908
898968
899407
899635
899837
899882
900208
901421
901710
902951
904033
904176
904760
905077
905612
906174
906484
906582
906601
908439
908514
909097
909416
909613
909651
909791
910140
910330
910459
910460
910682
911007
911613
911634
911835
913127
913838
914463
915329
915809
916401
916641
916797
916876
916880
917093
917251
917557
918061
918163
919381
919880
919968
920076
920500
921784
921879
922286
923306
923429
923589
924578
924624
924639
924798
925522
925825
926111
926184
926226
926687
926735
927196
927393
928074
928593
928799
928920
928922
928936
929145
929240
930129
930271
930637
930848
932395
933034
933111
933224
933842
934441
934450
934497
934753
935206
935677
936577
936862
936904
937162
937267
937381
938574
938597
939784
940054
940179
940315
940521
942170
942452
943541
943667
943707
943889
944359
945240
945267
945791
945930
946428
946451
947301
947469
947592
947797
948585
948820
949009
949616
949983
950210
950746
951097
951543
951621
951983
952067
952760
952869
953000
953243
954774
954872
955270
956427
956468
956778
956946
957229
958161
958359
958518
958864
959573
959722
960001
960400
960641
961776
962507
963385
963469
964053
964451
964886
965043
965457
965710
965740
966022
966269
966934
967041
967163
967268
967498
967628
967926
967977
969655
969863
970374
970380
970651
971334
971789
972086
972557
972567
973022
973048
973080
973986
975272
975595
975779
976164
976165
976236
976650
977026
977035
977539
978163
978717
978848
979146
979669
979823
980289
980448
981132
981264
982330
982331
982443
984739
985231
985453
985578
985695
985751
986798
987137
987665
987740
988198
988824
988872
989428
989949
989973
990012
990227
990364
990500
991364
991459
992380
993913
994414
994519
995767
996090
996274
996943
997235
997652
998675
998787
999327
999598
999934
1000115
1002072
1002177
1002185
1002547
1002873
1002952
1003372
1004196
1004529
1004766
1005391
1005800
1005931
1006098
1006278
1006831
1007122
1007523
1007604
1008290
1008710
1009002
1010001
1010542
1010572
1011675
1011876
1012101
1012505
1012624
1013115
1013209
1013375
1013518
1013777
1013821
1014349
1014529
1014623
1014789
1015932
1017114
1017181
1017558
1017814
1018063
1018743
1018967
1019005
1019284
1019617
1020495
1021037
1021421
1021905
1022223
1022268
1022354
1023138
1023565
1024140
1024206
1026045
1026241
1026291
1027343
1027674
1028295
1028912
1029449
1029712
1029870
1029934
1030129
1030170
1030375
1031477
1031618
1031866
1031969
1033433
1033452
1033632
1033689
1033892
1034085
1034208
1035063
1036678
1036776
1037119
1037782
1037848
1038126
1038163
1038430
1038547
1038976
1039537
1039687
1040917
1041221
1041608
1042427
1042543
1043432
1044300
1044969
1045462
1046187
1046197
1046221
1046685
1046777
1047989
1048116
1048246
1049325
1049557
1049598
1050066
1050144
1050150
1050195
1050816
1051176
1051511
1051552
1051750
1052223
1052369
1052550
1053466
1053560
1053728
1053839
1054041
1054195
1054261
1054890
1055370
1055578
1056312
1056815
1056893
1057026
1057376
1059066
1059785
1060015
1060128
1060758
1061183
1061478
1062038
1062621
1062853
1063362
1063458
1063572
1063791
1064095
1064166
1064609
1065047
1065493
1065620
1065979
1066386
1067066
1067183
1067203
1067433
1067526
1069334
1069340
1069408
1069755
1070264
1070516
1070547
1070717
1071139
1071636
1072036
1072051
1072127
1072262
1072924
1073021
1073128
1073585
1073921
1074231
1074265
1074553
1074999
1075263
1075840
1076729
1076806
1077096
1077269
1077339
1077783
1078378
1079044
1079700
1080165
1080234
1080764
1081947
1082120
1082441
1083810
1084269
1084302
1084572
1084962
1085085
1085187
1086739
1087159
1088589
1089003
1089597
1089890
1090620
1090972
1092118
1092913
1093179
1093700
1094882
1095259
1095645
1095990
1096005
1096121
1096171
1096338
1096346
1096396
1096599
1098099
1098233
1099550
1100287
1100779
1101166
1101369
1102045
1102518
1102936
1102955
1103215
1103414
1103541
1104127
1104178
1104561
1104665
1104838
1106567
1108021
1108365
1108547
1109432
1109432
1109544
1109610
1109921
1110076
1111541
1111643
1111763
1112091
1112208
1112994
1113231
1113527
1116013
1116146
1116928
1117303
1117308
1117361
1117402
1117867
1118592
1118802
1119150
1119497
1119568
1120282
1121427
1121766
1122048
1122421
1122448
1122998
1123022
1123628
1123754
1123764
1124355
1124922
1125307
1125702
1125720
1126056
1126524
1126630
1127783
1127829
1128565
1130126
1130376
1131680
1131748
1131947
1132386
1132728
1132753
1133106
1134164
1134900
1134937
1135759
1136041
1136127
1136327
1136477
1136515
1136637
1137203
1138599
1138809
1138929
1140000
1140283
1140326
1141869
1142170
1142735
1142807
1143020
1143109
1143662
1143827
1144978
1145069
1145322
1145432
1145566
1145597
1146570
1146996
1147141
1148399
1150438
1152233
1152815
1153166
1153409
1153833
1154558
1154590
1155223
1155706
1156056
1156432
1156742
1157477
1157672
1157811
1157925
1157965
1158853
1158898
1160074
1160386
1161132
1161476
1161930
1162381
1162587
1162619
1163245
1163299
1163644
1164362
1165768
1166033
1166752
1166892
1166991
1167149
1167302
1167731
1167783
1167941
1168122
1169042
1169203
1169437
1169999
1170209
1170710
1170800
1172900
1173147
1173396
1173614
1173673
1173858
1174482
1174839
1175601
1176298
1176509
1176587
1176931
1176961
1177756
1177838
1177912
1177959
1178302
1178546
1178800
1179223
1179291
1179508
1179765
1181886
1182386
1182908
1183643
1183695
1184059
1184329
1184599
1184734
1184810
1184894
1184978
1185282
1185478
1185828
1186340
1186393
1187092
1187697
1187865
1187870
1187961
1188015
1188187
1188503
1189398
1189664
1190584
1191353
1191930
1192192
1193353
1194352
1194837
1195061
1196061
1196424
1196733
1197164
1197242
1197439
1197462
1198081
1198698
1199173
1199397
1201509
1201570
1201929
1202415
1203276
1203700
1203729
1203803
1204212
1204915
1205237
1205507
1205757
1206185
1206868
1206999
1207497
1207510
1207550
1208170
1208417
1209536
1209882
1209990
1210055
1210521
1210975
1211014
1211517
1211604
1211788
1212063
1212065
1212268
1212934
1213239
1213992
1214373
1214709
1214843
1215037
1215538
1215867
1217284
1217721
1217757
1217962
1218164
1218603
1219413
1219763
1221334
1222064
1223304
1223571
1224074
1224151
1224335
1225466
1225601
1225751
1226282
1226488
1227082
1227506
1227651
1227694
1228269
1228330
1229028
1229151
1229401
1230417
1230542
1231028
1231097
1231639
1231689
1231836
1231915
1231958
1232176
1232422
1233628
1235080
1236348
1236616
1236985
1237068
1237451
1237535
1237573
1237969
1238565
1238794
1239335
1239524
1240193
1240569
1240621
1240790
1241010
1242359
1242682
1243948
1244140
1244410
1244433
1244620
1244799
1245598
1246683
1247048
1247155
1247176
1247404
1247638
1247770
1247985
1248558
1248796
1248818
1251020
1251212
1252125
1253007
1253431
1253557
1254276
1254588
1254697
1254858
1255069
1255329
1255618
1255698
1256067
1256428
1256523
1256802
1256914
1257035
1257146
1257322
1257575
1258573
1258587
1259030
1259167
1259168
1259248
1260173
1260857
1261149
1261274
1261494
1262810
1262818
1262826
1263368
1263802
1264021
1264061
1264280
1264670
1264975
1265648
1265651
1265875
1266706
1267193
1267408
1269020
1269192
1269496
1270036
1270442
1270882
1271392
1271497
1271652
1272727
1273663
1275912
1275955
1276107
1276397
1276619
1276775
1276856
1277753
1277854
1277873
1277884
1277912
1278402
1279421
1279606
1280314
1280344
1281630
1282136
1282174
1283145
1283670
1283672
1283673
1283922
1283980
1284436
1285208
1285243
1285281
1285757
1286383
1286590
1286926
1286942
1287088
1287139
1287276
1287322
1287405
1287910
1288302
1288480
1289631
1290395
1290397
1290751
1290936
1290938
1291473
1292239
1292306
1292560
1292686
1292841
1292934
1293221
1293749
1293851
1293915
1294205
1294492
1294576
1294937
1295017
1295212
1295261
1296049
1296838
1297046
1297230
1297893
1297941
1298199
1299131
1299897
1300706
1300709
1301104
1302309
1302593
1302614
1303306
1304485
1304751
1305846
1306296
1306638
1306772
1307379
1307817
1308062
1308467
1309000
1309978
1310395
1310528
1311528
1311654
1311692
1311796
1312103
1312219
1312289
1313011
1313235
1313379
1313671
1314261
1314495
1314519
1314576
1315895
1315938
1316660
1316803
1316969
1317007
1317437
1318295
1318378
1318606
1318707
1319357
1319568
1319590
1319887
1320306
1320473
1320699
1320756
1320868
1320869
1321545
1321626
1322953
1323084
1324025
1324055
1324727
1325126
1325281
1325572
1325714
1326345
1327008
1327190
1327445
1327599
1329286
1329302
1329345
1329723
1329795
1330353
1330449
1331411
1331484
1333544
1334504
1334559
1334614
1334683
1335036
1335877
1335985
1336081
1336143
1336870
1336895
1336982
1337001
1337015
1337070
1337574
1338223
1338453
1339252
1339440
1339700
1340531
1340864
1341569
1342163
1342615
1343296
1344773
1345332
1346525
1346808
1347409
1347447
1347573
1347828
1348378
1349019
1349515
1349591
1350022
1350651
1350773
1352256
1352291
1353408
1353473
1353529
1354887
1354905
1355040
1355324
1355478
1355649
1355837
1355910
1356039
1356557
1356606
1357164
1357336
1357766
1358068
1358072
1358292
1358524
1359453
1359616
1359816
1359900
1360027
1360187
1360297
1360416
1360651
1360782
1360895
1361961
1362309
1362632
1362718
1363214
1363576
1363973
1364179
1364287
1364392
1364663
1364755
1366159
1367158
1367701
1368084
1368089
1368177
1368459
1368627
1369125
1369177
1369361
1370247
1370323
1370883
1372341
1372651
1373926
1374087
1374564
1375370
1375546
1375551
1375671
1375709
1375747
1376713
1376816
1377217
1377353
1377601
1377688
1378585
1379013
1380240
1380569
1380797
1381007
1381409
1381974
1382552
1382868
1383471
1383916
1384132
1386337
1386427
1386572
1386628
1386672
1386789
1387128
1388272
1388311
1388505
1388565
1389217
1389386
1389485
1390042
1390116
1390249
1390271
1391258
1391719
1392271
1392511
1392939
1393404
1393825
1393920
1394640
1395061
1395296
1395879
1395985
1396009
1396299
1396307
1396492
1396889
1396938
1397059
1397130
1397213
1397570
1397773
1398363
1398431
1398693
1399406
1399634
1399685
1399915
1400427
1400825
1401039
1402102
1402116
1402602
1402816
1402911
1402971
1402978
1402992
1403957
1404095
1404284
1404565
1405883
1406658
1406741
1407065
1407822
1407857
1408316
1408520
1408664
1408964
1408991
1408994
1409159
1409304
1410159
1410726
1410890
1410896
1411090
1411099
1411222
1411247
1411368
1411765
1412583
1412851
1413124
1413427
1413552
1413869
1414270
1414677
1414703
1414711
1414797
1415382
1415817
1416911
1417769
1418710
1418958
1419087
1419472
1420269
1422594
1422969
1423140
1423573
1424087
1428253
1429135
1429433
1429511
1430431
1431097
1431341
1431495
1431508
1431573
1432080
1432827
1432923
1433015
1434524
1434542
1434822
1435783
1436023
1436986
1437851
1438183
1439041
1439332
1439338
1439480
1439561
1440035
1440485
1441224
1441229
1441612
1442878
1443342
1443645
1443671
1444434
1444759
1445341
1446028
1448871
1449214
1449604
1449748
1449907
1449909
1450243
1450692
1451447
1451512
1451528
1451696
1452508
1452596
1453860
1455342
1455530
1455968
1456485
1457701
1457870
1457964
1458155
1458832
1458955
1459339
1459372
1459708
1460050
1460775
1461275
1461427
1462455
1462526
1462706
1462713
1463244
1463356
1463811
1464616
1464847
1465273
1465312
1465737
1465878
1465925
1466639
1466878
1467030
1467904
1468121
1468255
1469321
1469344
1470127
1470145
1470210
1470392
1471745
1472629
1473018
1474913
1477815
1478897
1479562
1480160
1480337
1480824
1481277
1481561
1481594
1481948
1482261
1483442
1483686
1483862
1484319
1484830
1484943
1485008
1485194
1485284
1485724
1485808
1486790
1486875
1487983
1489577
1490695
1490878
1490936
1491622
1492521
1492924
1493083
1493380
1495260
1495505
1496898
1496926
1497446
1497582
1497624
1497754
1497871
1498931
1499367
1499609
1499793
1499816
1499943
1500246
1500851
1501327
1501495
1501914
1502190
1502313
1503280
1504099
1504314
1504335
1504359
1504368
1504501
1504607
1505101
1506740
1507919
1508678
1508763
1509053
1509138
1509247
1509548
1510468
1510945
1511650
1511851
1511853
1512261
1512330
1512653
1512763
1512934
1512989
1513239
1513836
1514491
1514503
1514576
1516006
1516021
1516583
1516690
1517117
1517732
1518178
1519275
1519468
1519594
1519768
1520277
1520538
1520934
1521666
1522091
1522743
1522965
1523411
1523648
1525049
1526123
1526791
1527292
1527816
1530679
1531501
1532567
1532949
1533107
1533158
1533445
1533594
1533608
1533818
1534343
1534598
1534722
1534816
1535236
1535679
1535796
1536921
1536923
1536939
1536953
1537197
1537596
1539996
1539996
1540058
1540169
1541017
1541049
1541228
1542210
1542321
1542476
1542674
1542968
1543464
1543608
1544602
1544716
1544938
1545264
1545762
1545900
1546672
1546678
1546847
1547533
1547631
1547682
1548131
1548276
1548298
1548428
1550026
1550071
1550467
1550601
1550658
1550966
1551520
1551821
1551888
1553186
1553192
1554083
1554800
1554922
1554941
1555329
1555494
1556231
1556643
1557386
1557389
1557793
1557929
1559467
1560981
1562336
1562592
1563169
1563406
1563914
1564406
1564408
1564469
1564765
1565061
1566042
1566183
1566496
1566571
1566586
1566732
1567255
1567674
1567975
1568207
1568430
1568516
1568605
1568795
1568855
1569043
1569087
1569233
1569360
1570453
1570653
1570846
1572147
1572170
1572231
1572564
1572594
1572647
1573090
1573974
1574372
1574793
1574950
1575798
1576006
1578006
1578293
1578350
1578528
1579203
1580310
1580432
1580488
1581327
1581872
1582462
1583879
1584995
1585515
1586146
1586614
1586897
1587015
1587345
1588069
1588313
1588347
1589290
1589924
1590125
1590167
1590308
1590556
1590701
1590854
1590979
1591336
1591746
1591943
1592822
1594059
1594085
1594705
1595525
1595620
1596012
1596021
1596431
1596582
1596609
1596784
1597039
1597470
1597751
1598107
1598207
1598393
1599241
1599481
1601298
1601349
1602485
1603576
1603805
1603849
1603870
1604878
1604927
1605797
1606210
1606376
1606858
1607041
1607183
1607226
1607248
1607251
1607397
1607805
1608183
1608334
1608638
1608887
1609030
1609605
1611694
1612057
1612136
1612585
1613204
1613939
1614111
1614393
1614403
1614731
1615619
1616419
1616480
1616840
1617023
1617301
1617333
1617992
1618009
1618244
1618410
1618590
1618999
1619113
1620161
1620300
1620485
1620736
1620818
1620898
1621482
1622632
1623551
1624711
1625039
1625615
1625762
1625910
1626072
1627048
1627783
1628125
1628833
1629408
1629682
1630356
1630670
1630803
1631940
1632256
1632523
1632883
1633499
1633548
1634161
1634251
1634631
1634912
1635922
1636639
1636938
1637015
1637290
1638124
1638383
1638767
1638912
1638990
1639787
1639792
1640706
1641552
1642203
1643103
1643296
1643417
1643539
1643601
1643798
1645045
1645057
1645083
1645508
1646790
1647236
1647468
1648233
1648299
1650113
1651657
1651886
1652202
1652670
1653693
1654010
1654341
1654363
1654726
1654884
1655031
1655073
1655227
1655355
1655705
1655928
1656059
1656083
1656145
1656695
1657389
1657681
1657984
1658215
1658395
1658775
1658973
1661014
1661350
1661604
1662604
1662922
1664149
1664653
1665422
1665470
1665993
1666078
1666371
1666945
1668082
1668187
1668303
1668474
1668703
1669261
1669627
1669885
1669911
1670240
1670680
1671317
1672153
1672326
1672589
1673362
1673812
1674069
1674220
1674441
1674850
1674942
1674978
1675785
1676803
1676970
1677742
1678162
1679436
1682859
1683671
1683902
1684120
1684782
1684854
1685009
1685233
1685355
1685552
1685714
1685757
1685953
1685957
1686219
1686342
1686775
1686999
1687082
1687616
1687729
1688689
1688863
1689079
1689667
1689831
1690218
1690445
1690640
1690741
1690853
1691246
1692464
1692628
1692667
1692884
1694582
1694884
1695807
1695816
1696090
1696584
1697107
1697372
1698144
1698262
1698614
1699388
1700169
1701524
1701587
1702918
1703640
1703884
1704125
1704182
1704965
1705213
1705276
1705474
1705519
1705556
1705626
1706098
1706249
1707107
1708292
1708460
1710163
1710624
1711099
1711271
1711683
1712353
1712365
1712366
1712656
1713046
1713061
1713152
1713993
1714494
1714876
1715303
1715576
1715603
1715691
1715756
1716232
1716452
1718133
1718292
1718991
1719030
1719127
1719178
1719344
1719373
1719421
1719470
1719850
1719914
1720034
1720179
1721192
1721459
1721772
1722046
1722648
1722791
1723158
1723376
1723619
1724107
1724244
1724488
1724977
1725762
1726229
1726917
1727169
1727914
1728356
1728446
1728715
1728963
1729469
1729930
1731004
1731145
1731867
1731974
1732516
1732817
1732857
1732973
1733066
1733099
1733458
1734474
1734489
1734703
1734860
1736028
1736421
1736648
1736662
1736760
1737704
1737756
1738134
1738362
1738808
1738942
1739136
1739407
1740012
1740043
1740300
1740565
1740635
1740674
1740775
1741442
1742177
1743010
1743635
1745347
1745803
1745911
1747097
1747324
1747456
1747596
1747693
1749263
1749676
1750166
1750363
1750806
1751275
1751719
1752718
1752861
1753463
1753469
1753486
1753549
1753715
1754769
1754903
1757693
1757738
1758189
1758830
1760183
1760591
1761210
1762040
1762726
1763598
1764367
1764805
1765402
1765427
1766037
1766553
1767379
1767406
1768051
1768605
1768857
1769216
1769716
1769975
1771023
1771059
1771269
1771379
1771397
1772451
1773585
1773649
1774889
1774928
1775579
1776218
1777009
1778029
1778754
1778836
1779308
1780358
1780980
1781349
1781495
1781550
1781702
1782016
1782692
1782930
1783131
1783138
1783446
1783615
1784764
1785430
1785760
1787424
1788154
1788297
1788414
1788938
1789045
1789063
1789255
1789332
1789736
1789887
1790054
1790111
1790246
1790269
1790520
1790592
1790840
1791015
1791019
1791372
1791471
1791552
1792196
1792729
1793264
1793682
1793823
1793851
1793882
1795383
1795407
1795621
1795913
1796940
1796970
1798165
1798575
1798846
1799056
1799156
1799442
1799629
1800296
1800414
1800570
1800933
1801012
1801249
1802073
1802254
1802463
1802477
1802727
1803260
1803962
1804407
1805398
1805508
1805711
1805870
1806202
1806781
1807058
1807266
1807451
1807666
1807954
1808531
1809557
1809865
1810205
1811083
1812420
1812872
1813056
1813312
1814023
1814369
1814678
1814693
1814706
1815205
1815236
1815421
1815990
1816169
1816414
1816977
1817060
1817410
1817640
1818169
1818412
1818439
1818916
1819979
1820204
1820310
1820549
1822404
1822586
1823335
1824333
1824401
1824676
1825076
1825083
1826844
1826879
1827214
1828910
1829384
1830058
1830536
1830871
1831604
1831705
1832174
1833416
1834158
1834419
1834996
1835090
1835663
1836033
1836269
1837330
1837444
1837578
1837897
1838577
1838813
1838997
1839994
1840052
1840247
1841054
1842309
1842411
1842884
1843049
1843566
1844114
1844166
1844344
1844562
1844830
1844843
1845010
1846288
1846349
1847112
1848446
1849115
1849624
1849979
1850084
1851337
1851582
1851651
1852131
1852313
1852422
1853301
1853602
1853763
1853913
1854209
1854329
1854550
1854989
1855432
1855938
1856168
1857463
1857480
1857575
1857763
1857910
1858066
1858411
1858732
1859060
1859176
1859516
1859860
1859915
1860135
1860476
1860668
1860934
1861205
1861208
1861284
1861618
1861854
1861896
1863627
1863744
1864205
1864218
1864403
1865185
1865333
1865582
1865688
1866141
1866471
1866732
1866960
1867370
1867506
1867531
1867681
1868446
1869856
1870030
1870430
1871222
1871376
1871662
1872934
1873175
1873832
1874002
1874745
1875103
1875669
1876618
1877462
1878179
1878426
1879829
1879834
1879853
1881023
1882001
1882239
1882540
1882740
1882864
1884748
1884861
1885708
1886129
1886252
1886442
1887732
1887854
1888084
1888188
1889089
1889814
1890017
1890583
1890804
1891307
1891650
1892077
1893131
1893206
1893664
1893720
1893749
1894088
1894316
1895594
1896249
1896262
1897128
1897908
1898089
1898296
1898754
1898771
1899540
1899833
1900040
1900045
1901189
1901678
1902088
1902226
1902375
1903028
1903090
1903171
1903421
1903654
1904074
1904337
1904529
1905298
1906202
1906837
1907044
1907204
1907595
1908094
1908814
1909101
1909118
1910187
1910633
1911115
1911125
1912174
1913376
1913527
1913877
1914091
1914233
1914393
1915480
1915747
1916966
1917248
1918046
1918411
1918516
1918696
1919014
1919426
1920356
1920370
1920432
1920626
1920991
1921402
1921411
1922237
1922533
1922649
1922689
1923078
1923094
1923334
1923953
1924792
1924861
1925369
1925462
1926471
1926670
1927226
1927507
1928161
1928865
1929283
1929351
1929366
1929614
1930240
1930345
1930466
1931243
1931250
1931511
1932611
1932813
1933109
1934027
1935495
1935592
1935779
1936078
1937308
1937785
1937802
1938187
1938433
1939189
1939271
1939602
1940032
1940202
1941175
1941306
1941677
1941836
1941848
1942593
1943569
1943958
1944324
1944359
1944990
1945268
1946029
1947247
1947435
1947987
1948235
1948430
1948545
1948888
1951578
1952175
1952438
1952475
1954025
1954845
1954846
1955044
1955326
1955626
1956594
1956875
1957753
1958332
1958992
1959053
1959442
1959617
1959981
1960542
1960960
1961073
1961293
1961473
1962284
1963275
1963976
1963980
1964017
1964129
1964628
1964674
1965697
1966444
1966655
1966777
1967352
1967390
1967657
1968084
1968174
1969001
1969422
1969569
1969654
1969682
1969928
1970342
1970348
1970786
1970858
1970861
1970895
1971038
1971495
1973101
1973120
1973128
1973160
1974742
1975368
1975669
1976077
1978497
1978508
1978616
1979304
1979966
1980026
1980062
1980603
1981133
1981330
1982306
1982356
1983718
1984379
1984449
1984520
1984771
1985101
1985349
1985778
1985898
1987026
1987051
1987151
1987512
1987997
1989046
1989526
1989710
1990039
1990372
1990617
1990644
1990814
1991053
1991447
1991714
1992709
1992911
1993044
1994198
1994476
1995666
1995749
1996449
1996975
1997273
1997436
1997793
1998122
1998126
1998693
1998854
1999814
